A16905_26L_model
  1   1.0000   1
  410   86   148
      0. 13088.50 11262.20  3667.80   1327.7     84.6 11262.20  3667.80  1.00000
   8105. 13088.49 11262.19  3667.79   1327.7     84.6 11262.19  3667.79  1.00000
  22776. 13088.39 11262.12  3667.74   1327.7     84.6 11262.12  3667.74  1.00000
  37447. 13088.19 11261.98  3667.65   1327.7     84.6 11261.98  3667.65  1.00000
  52117. 13087.91 11261.77  3667.50   1327.7     84.6 11261.77  3667.50  1.00000
  66786. 13087.53 11261.50  3667.31   1327.7     84.6 11261.50  3667.31  1.00000
  81454. 13087.06 11261.16  3667.07   1327.7     84.6 11261.16  3667.07  1.00000
  96122. 13086.49 11260.75  3666.79   1327.7     84.6 11260.75  3666.79  1.00000
 110787. 13085.83 11260.28  3666.46   1327.7     84.6 11260.28  3666.46  1.00000
 125452. 13085.07 11259.73  3666.08   1327.7     84.6 11259.73  3666.08  1.00000
 140114. 13084.23 11259.12  3665.65   1327.7     84.6 11259.12  3665.65  1.00000
 154775. 13083.28 11258.44  3665.18   1327.7     84.6 11258.44  3665.18  1.00000
 169434. 13082.25 11257.70  3664.65   1327.7     84.6 11257.70  3664.65  1.00000
 184090. 13081.12 11256.89  3664.09   1327.7     84.6 11256.89  3664.09  1.00000
 198744. 13079.90 11256.01  3663.47   1327.7     84.6 11256.01  3663.47  1.00000
 213395. 13078.58 11255.06  3662.81   1327.7     84.6 11255.06  3662.81  1.00000
 228044. 13077.18 11254.05  3662.10   1327.7     84.6 11254.05  3662.10  1.00000
 242689. 13075.68 11252.97  3661.35   1327.7     84.6 11252.97  3661.35  1.00000
 257331. 13074.08 11251.82  3660.54   1327.7     84.6 11251.82  3660.54  1.00000
 271970. 13072.39 11250.60  3659.70   1327.7     84.6 11250.60  3659.70  1.00000
 286605. 13070.61 11249.32  3658.80   1327.7     84.6 11249.32  3658.80  1.00000
 301237. 13068.74 11247.97  3657.86   1327.7     84.6 11247.97  3657.86  1.00000
 315864. 13066.78 11246.56  3656.87   1327.7     84.6 11246.56  3656.87  1.00000
 330487. 13064.72 11245.08  3655.83   1327.7     84.6 11245.08  3655.83  1.00000
 345106. 13062.57 11243.53  3654.75   1327.7     84.6 11243.53  3654.75  1.00000
 359721. 13060.32 11241.91  3653.62   1327.7     84.6 11241.91  3653.62  1.00000
 374331. 13057.99 11240.23  3652.45   1327.7     84.6 11240.23  3652.45  1.00000
 388936. 13055.56 11238.48  3651.22   1327.7     84.6 11238.48  3651.22  1.00000
 403535. 13053.04 11236.67  3649.96   1327.7     84.6 11236.67  3649.96  1.00000
 418130. 13050.43 11234.79  3648.64   1327.7     84.6 11234.79  3648.64  1.00000
 432719. 13047.73 11232.84  3647.28   1327.7     84.6 11232.84  3647.28  1.00000
 447303. 13044.93 11230.83  3645.88   1327.7     84.6 11230.83  3645.88  1.00000
 461880. 13042.05 11228.75  3644.42   1327.7     84.6 11228.75  3644.42  1.00000
 476452. 13039.07 11226.61  3642.93   1327.7     84.6 11226.61  3642.93  1.00000
 491017. 13036.00 11224.40  3641.38   1327.7     84.6 11224.40  3641.38  1.00000
 505577. 13032.84 11222.12  3639.79   1327.7     84.6 11222.12  3639.79  1.00000
 520129. 13029.59 11219.78  3638.16   1327.7     84.6 11219.78  3638.16  1.00000
 534675. 13026.25 11217.38  3636.48   1327.7     84.6 11217.38  3636.48  1.00000
 549214. 13022.82 11214.91  3634.75   1327.7     84.6 11214.91  3634.75  1.00000
 563746. 13019.30 11212.37  3632.98   1327.7     84.6 11212.37  3632.98  1.00000
 578271. 13015.69 11209.77  3631.16   1327.7     84.6 11209.77  3631.16  1.00000
 592788. 13011.99 11207.10  3629.30   1327.7     84.6 11207.10  3629.30  1.00000
 607297. 13008.19 11204.37  3627.39   1327.7     84.6 11204.37  3627.39  1.00000
 621799. 13004.31 11201.58  3625.44   1327.7     84.6 11201.58  3625.44  1.00000
 636293. 13000.34 11198.72  3623.44   1327.7     84.6 11198.72  3623.44  1.00000
 650779. 12996.28 11195.80  3621.39   1327.7     84.6 11195.80  3621.39  1.00000
 665256. 12992.13 11192.81  3619.31   1327.7     84.6 11192.81  3619.31  1.00000
 679724. 12987.90 11189.76  3617.17   1327.7     84.6 11189.76  3617.17  1.00000
 694184. 12983.57 11186.64  3615.00   1327.7     84.6 11186.64  3615.00  1.00000
 708636. 12979.16 11183.47  3612.78   1327.7     84.6 11183.47  3612.78  1.00000
 723078. 12974.66 11180.22  3610.51   1327.7     84.6 11180.22  3610.51  1.00000
 737510. 12970.07 11176.92  3608.20   1327.7     84.6 11176.92  3608.20  1.00000
 751934. 12965.39 11173.55  3605.85   1327.7     84.6 11173.55  3605.85  1.00000
 766348. 12960.62 11170.12  3603.45   1327.7     84.6 11170.12  3603.45  1.00000
 780752. 12955.77 11166.63  3601.01   1327.7     84.6 11166.63  3601.01  1.00000
 795146. 12950.83 11163.07  3598.52   1327.7     84.6 11163.07  3598.52  1.00000
 809530. 12945.80 11159.45  3595.99   1327.7     84.6 11159.45  3595.99  1.00000
 823903. 12940.69 11155.77  3593.42   1327.7     84.6 11155.77  3593.42  1.00000
 838267. 12935.49 11152.03  3590.80   1327.7     84.6 11152.03  3590.80  1.00000
 852619. 12930.21 11148.22  3588.15   1327.7     84.6 11148.22  3588.15  1.00000
 866961. 12924.84 11144.35  3585.44   1327.7     84.6 11144.35  3585.44  1.00000
 881292. 12919.38 11140.43  3582.70   1327.7     84.6 11140.43  3582.70  1.00000
 895611. 12913.84 11136.44  3579.91   1327.7     84.6 11136.44  3579.91  1.00000
 909920. 12908.22 11132.39  3577.08   1327.7     84.6 11132.39  3577.08  1.00000
 924217. 12902.51 11128.27  3574.21   1327.7     84.6 11128.27  3574.21  1.00000
 938502. 12896.72 11124.10  3571.29   1327.7     84.6 11124.10  3571.29  1.00000
 952775. 12890.84 11119.87  3568.33   1327.7     84.6 11119.87  3568.33  1.00000
 967036. 12884.88 11115.58  3565.33   1327.7     84.6 11115.58  3565.33  1.00000
 981285. 12878.83 11111.22  3562.29   1327.7     84.6 11111.22  3562.29  1.00000
 995522. 12872.70 11106.81  3559.21   1327.7     84.6 11106.81  3559.21  1.00000
1009747. 12866.49 11102.34  3556.08   1327.7     84.6 11102.34  3556.08  1.00000
1023958. 12860.20 11097.81  3552.91   1327.7     84.6 11097.81  3552.91  1.00000
1038157. 12853.82 11093.22  3549.71   1327.7     84.6 11093.22  3549.71  1.00000
1052343. 12847.37 11088.57  3546.46   1327.7     84.6 11088.57  3546.46  1.00000
1066516. 12840.83 11083.86  3543.17   1327.7     84.6 11083.86  3543.17  1.00000
1080675. 12834.21 11079.09  3539.84   1327.7     84.6 11079.09  3539.84  1.00000
1094821. 12827.51 11074.27  3536.46   1327.7     84.6 11074.27  3536.46  1.00000
1108953. 12820.73 11069.38  3533.05   1327.7     84.6 11069.38  3533.05  1.00000
1123071. 12813.86 11064.44  3529.60   1327.7     84.6 11064.44  3529.60  1.00000
1137176. 12806.92 11059.45  3526.10   1327.7     84.6 11059.45  3526.10  1.00000
1151266. 12799.90 11054.39  3522.57   1327.7     84.6 11054.39  3522.57  1.00000
1165342. 12792.80 11049.28  3519.00   1327.7     84.6 11049.28  3519.00  1.00000
1179404. 12785.62 11044.11  3515.39   1327.7     84.6 11044.11  3515.39  1.00000
1193451. 12778.36 11038.88  3511.73   1327.7     84.6 11038.88  3511.73  1.00000
1207483. 12771.03 11033.60  3508.04   1327.7     84.6 11033.60  3508.04  1.00000
1221500. 12763.61 11028.26  3504.31   1327.7     84.6 11028.26  3504.31  1.00000
1221500. 12165.96 10355.72     0.00  57823.0      0.0 10355.72     0.00  1.00000
1235286. 12158.85 10347.71     0.00  57823.0      0.0 10347.71     0.00  1.00000
1276580. 12137.14 10323.57     0.00  57823.0      0.0 10323.57     0.00  1.00000
1317777. 12114.91 10299.20     0.00  57823.0      0.0 10299.20     0.00  1.00000
1358876. 12092.14 10274.58     0.00  57823.0      0.0 10274.58     0.00  1.00000
1399874. 12068.82 10249.71     0.00  57823.0      0.0 10249.71     0.00  1.00000
1440773. 12044.96 10224.55     0.00  57823.0      0.0 10224.55     0.00  1.00000
1481569. 12020.55 10199.09     0.00  57823.0      0.0 10199.09     0.00  1.00000
1522262. 11995.60 10173.32     0.00  57823.0      0.0 10173.32     0.00  1.00000
1562851. 11970.08 10147.21     0.00  57823.0      0.0 10147.21     0.00  1.00000
1603334. 11944.01 10120.75     0.00  57823.0      0.0 10120.75     0.00  1.00000
1643710. 11917.38 10093.93     0.00  57823.0      0.0 10093.93     0.00  1.00000
1683977. 11890.18 10066.72     0.00  57823.0      0.0 10066.72     0.00  1.00000
1724133. 11862.42 10039.11     0.00  57823.0      0.0 10039.11     0.00  1.00000
1764177. 11834.10 10011.08     0.00  57823.0      0.0 10011.08     0.00  1.00000
1804108. 11805.20  9982.63     0.00  57823.0      0.0  9982.63     0.00  1.00000
1843923. 11775.74  9953.73     0.00  57823.0      0.0  9953.73     0.00  1.00000
1883620. 11745.70  9924.37     0.00  57823.0      0.0  9924.37     0.00  1.00000
1923199. 11715.10  9894.54     0.00  57823.0      0.0  9894.54     0.00  1.00000
1962655. 11683.92  9864.23     0.00  57823.0      0.0  9864.23     0.00  1.00000
2001989. 11652.17  9833.42     0.00  57823.0      0.0  9833.42     0.00  1.00000
2041198. 11619.85  9802.11     0.00  57823.0      0.0  9802.11     0.00  1.00000
2080279. 11586.96  9770.27     0.00  57823.0      0.0  9770.27     0.00  1.00000
2119230. 11553.50  9737.91     0.00  57823.0      0.0  9737.91     0.00  1.00000
2158050. 11519.47  9705.00     0.00  57823.0      0.0  9705.00     0.00  1.00000
2196736. 11484.87  9671.54     0.00  57823.0      0.0  9671.54     0.00  1.00000
2235287. 11449.71  9637.52     0.00  57823.0      0.0  9637.52     0.00  1.00000
2273698. 11413.98  9602.94     0.00  57823.0      0.0  9602.94     0.00  1.00000
2311969. 11377.69  9567.77     0.00  57823.0      0.0  9567.77     0.00  1.00000
2350097. 11340.85  9532.02     0.00  57823.0      0.0  9532.02     0.00  1.00000
2388080. 11303.45  9495.68     0.00  57823.0      0.0  9495.68     0.00  1.00000
2425915. 11265.49  9458.75     0.00  57823.0      0.0  9458.75     0.00  1.00000
2463600. 11226.99  9421.21     0.00  57823.0      0.0  9421.21     0.00  1.00000
2501132. 11187.94  9383.06     0.00  57823.0      0.0  9383.06     0.00  1.00000
2538509. 11148.36  9344.29     0.00  57823.0      0.0  9344.29     0.00  1.00000
2575729. 11108.24  9304.91     0.00  57823.0      0.0  9304.91     0.00  1.00000
2612789. 11067.59  9264.91     0.00  57823.0      0.0  9264.91     0.00  1.00000
2649686. 11026.41  9224.28     0.00  57823.0      0.0  9224.28     0.00  1.00000
2686418. 10984.72  9183.02     0.00  57823.0      0.0  9183.02     0.00  1.00000
2722982. 10942.51  9141.14     0.00  57823.0      0.0  9141.14     0.00  1.00000
2759377. 10899.80  9098.63     0.00  57823.0      0.0  9098.63     0.00  1.00000
2795599. 10856.58  9055.49     0.00  57823.0      0.0  9055.49     0.00  1.00000
2831646. 10812.88  9011.71     0.00  57823.0      0.0  9011.71     0.00  1.00000
2867515. 10768.69  8967.31     0.00  57823.0      0.0  8967.31     0.00  1.00000
2903204. 10724.02  8922.28     0.00  57823.0      0.0  8922.28     0.00  1.00000
2938711. 10678.88  8876.63     0.00  57823.0      0.0  8876.63     0.00  1.00000
2974032. 10633.28  8830.35     0.00  57823.0      0.0  8830.35     0.00  1.00000
3009166. 10587.23  8783.45     0.00  57823.0      0.0  8783.45     0.00  1.00000
3044109. 10540.74  8735.93     0.00  57823.0      0.0  8735.93     0.00  1.00000
3078861. 10493.81  8687.80     0.00  57823.0      0.0  8687.80     0.00  1.00000
3113417. 10446.45  8639.06     0.00  57823.0      0.0  8639.06     0.00  1.00000
3147776. 10398.68  8589.72     0.00  57823.0      0.0  8589.72     0.00  1.00000
3181935. 10350.50  8539.79     0.00  57823.0      0.0  8539.79     0.00  1.00000
3215892. 10301.93  8489.26     0.00  57823.0      0.0  8489.26     0.00  1.00000
3249645. 10252.98  8438.15     0.00  57823.0      0.0  8438.15     0.00  1.00000
3283191. 10203.65  8386.47     0.00  57823.0      0.0  8386.47     0.00  1.00000
3316527. 10153.96  8334.22     0.00  57823.0      0.0  8334.22     0.00  1.00000
3349653. 10103.91  8281.41     0.00  57823.0      0.0  8281.41     0.00  1.00000
3382565. 10053.53  8228.05     0.00  57823.0      0.0  8228.05     0.00  1.00000
3415262. 10002.82  8174.16     0.00  57823.0      0.0  8174.16     0.00  1.00000
3447741.  9951.79  8119.73     0.00  57823.0      0.0  8119.73     0.00  1.00000
3480000.  9900.45  8064.79     0.00  57823.0      0.0  8064.79     0.00  1.00000
3480000.  5566.46 13716.62  7264.65  57823.0    312.0 13716.62  7264.65  1.00000
3484690.  5564.10 13715.47  7264.70  57823.0    312.0 13715.47  7264.70  1.00000
3513750.  5549.55 13708.36  7264.99  57823.0    312.0 13708.36  7264.99  1.00000
3542811.  5535.01 13701.30  7265.26  57823.0    312.0 13701.30  7265.26  1.00000
3571873.  5520.48 13694.30  7265.52  57823.0    312.0 13694.30  7265.52  1.00000
3600936.  5505.97 13687.35  7265.75  57823.0    312.0 13687.35  7265.75  1.00000
3630000.  5491.48 13680.44  7265.97  57823.0    312.0 13680.44  7265.97  1.00000
3630000.  5491.48 13680.42  7265.93  57823.0    312.0 13680.42  7265.93  1.00000
3649585.  5481.71 13656.66  7256.95  57823.0    312.0 13656.66  7256.95  1.00000
3678560.  5467.28 13621.71  7243.73  57823.0    312.0 13621.71  7243.73  1.00000
3707483.  5452.88 13587.04  7230.58  57823.0    312.0 13587.04  7230.58  1.00000
3736353.  5438.51 13552.63  7217.52  57823.0    312.0 13552.63  7217.52  1.00000
3765171.  5424.17 13518.48  7204.52  57823.0    312.0 13518.48  7204.52  1.00000
3793937.  5409.86 13484.56  7191.59  57823.0    312.0 13484.56  7191.59  1.00000
3822652.  5395.57 13450.86  7178.71  57823.0    312.0 13450.86  7178.71  1.00000
3851316.  5381.31 13417.36  7165.89  57823.0    312.0 13417.36  7165.89  1.00000
3879928.  5367.07 13384.05  7153.12  57823.0    312.0 13384.05  7153.12  1.00000
3908490.  5352.86 13350.92  7140.39  57823.0    312.0 13350.92  7140.39  1.00000
3937000.  5338.66 13317.94  7127.70  57823.0    312.0 13317.94  7127.70  1.00000
3965461.  5324.49 13285.10  7115.05  57823.0    312.0 13285.10  7115.05  1.00000
3993870.  5310.33 13252.39  7102.42  57823.0    312.0 13252.39  7102.42  1.00000
4022230.  5296.18 13219.79  7089.81  57823.0    312.0 13219.79  7089.81  1.00000
4050538.  5282.04 13187.29  7077.22  57823.0    312.0 13187.29  7077.22  1.00000
4078797.  5267.92 13154.88  7064.64  57823.0    312.0 13154.88  7064.64  1.00000
4107005.  5253.81 13122.53  7052.07  57823.0    312.0 13122.53  7052.07  1.00000
4135163.  5239.71 13090.24  7039.51  57823.0    312.0 13090.24  7039.51  1.00000
4163271.  5225.61 13057.99  7026.94  57823.0    312.0 13057.99  7026.94  1.00000
4191329.  5211.52 13025.78  7014.37  57823.0    312.0 13025.78  7014.37  1.00000
4219336.  5197.43 12993.57  7001.79  57823.0    312.0 12993.57  7001.79  1.00000
4247293.  5183.34 12961.37  6989.19  57823.0    312.0 12961.37  6989.19  1.00000
4275199.  5169.26 12929.16  6976.58  57823.0    312.0 12929.16  6976.58  1.00000
4303055.  5155.17 12896.93  6963.94  57823.0    312.0 12896.93  6963.94  1.00000
4330860.  5141.09 12864.65  6951.27  57823.0    312.0 12864.65  6951.27  1.00000
4358614.  5127.00 12832.33  6938.57  57823.0    312.0 12832.33  6938.57  1.00000
4386317.  5112.91 12799.95  6925.83  57823.0    312.0 12799.95  6925.83  1.00000
4413969.  5098.81 12767.49  6913.05  57823.0    312.0 12767.49  6913.05  1.00000
4441570.  5084.70 12734.95  6900.23  57823.0    312.0 12734.95  6900.23  1.00000
4469120.  5070.59 12702.31  6887.35  57823.0    312.0 12702.31  6887.35  1.00000
4496617.  5056.46 12669.56  6874.43  57823.0    312.0 12669.56  6874.43  1.00000
4524063.  5042.33 12636.68  6861.45  57823.0    312.0 12636.68  6861.45  1.00000
4551457.  5028.19 12603.68  6848.40  57823.0    312.0 12603.68  6848.40  1.00000
4578798.  5014.03 12570.53  6835.30  57823.0    312.0 12570.53  6835.30  1.00000
4606087.  4999.86 12537.23  6822.12  57823.0    312.0 12537.23  6822.12  1.00000
4633322.  4985.68 12503.76  6808.87  57823.0    312.0 12503.76  6808.87  1.00000
4660504.  4971.47 12470.11  6795.55  57823.0    312.0 12470.11  6795.55  1.00000
4687633.  4957.26 12436.28  6782.15  57823.0    312.0 12436.28  6782.15  1.00000
4714707.  4943.02 12402.25  6768.66  57823.0    312.0 12402.25  6768.66  1.00000
4741728.  4928.77 12368.01  6755.09  57823.0    312.0 12368.01  6755.09  1.00000
4768694.  4914.49 12333.56  6741.43  57823.0    312.0 12333.56  6741.43  1.00000
4795604.  4900.20 12298.87  6727.68  57823.0    312.0 12298.87  6727.68  1.00000
4822460.  4885.88 12263.95  6713.83  57823.0    312.0 12263.95  6713.83  1.00000
4849259.  4871.55 12228.78  6699.88  57823.0    312.0 12228.78  6699.88  1.00000
4876003.  4857.19 12193.36  6685.83  57823.0    312.0 12193.36  6685.83  1.00000
4902689.  4842.80 12157.67  6671.68  57823.0    312.0 12157.67  6671.68  1.00000
4929319.  4828.39 12121.71  6657.42  57823.0    312.0 12121.71  6657.42  1.00000
4955891.  4813.96 12085.46  6643.04  57823.0    312.0 12085.46  6643.04  1.00000
4982405.  4799.50 12048.92  6628.55  57823.0    312.0 12048.92  6628.55  1.00000
5008861.  4785.01 12012.08  6613.95  57823.0    312.0 12012.08  6613.95  1.00000
5035258.  4770.49 11974.94  6599.22  57823.0    312.0 11974.94  6599.22  1.00000
5061595.  4755.95 11937.47  6584.37  57823.0    312.0 11937.47  6584.37  1.00000
5087873.  4741.38 11899.69  6569.40  57823.0    312.0 11899.69  6569.40  1.00000
5114090.  4726.78 11861.57  6554.30  57823.0    312.0 11861.57  6554.30  1.00000
5140247.  4712.15 11823.11  6539.07  57823.0    312.0 11823.11  6539.07  1.00000
5166341.  4697.48 11784.31  6523.71  57823.0    312.0 11784.31  6523.71  1.00000
5192374.  4682.79 11745.15  6508.21  57823.0    312.0 11745.15  6508.21  1.00000
5218345.  4668.07 11705.63  6492.58  57823.0    312.0 11705.63  6492.58  1.00000
5244252.  4653.31 11665.75  6476.81  57823.0    312.0 11665.75  6476.81  1.00000
5270095.  4638.52 11625.49  6460.90  57823.0    312.0 11625.49  6460.90  1.00000
5295875.  4623.70 11584.85  6444.84  57823.0    312.0 11584.85  6444.84  1.00000
5321589.  4608.85 11543.83  6428.64  57823.0    312.0 11543.83  6428.64  1.00000
5347238.  4593.96 11502.41  6412.29  57823.0    312.0 11502.41  6412.29  1.00000
5372822.  4579.04 11460.60  6395.80  57823.0    312.0 11460.60  6395.80  1.00000
5398338.  4564.09 11418.38  6379.15  57823.0    312.0 11418.38  6379.15  1.00000
5423788.  4549.10 11375.76  6362.36  57823.0    312.0 11375.76  6362.36  1.00000
5449169.  4534.08 11332.73  6345.40  57823.0    312.0 11332.73  6345.40  1.00000
5474483.  4519.02 11289.27  6328.30  57823.0    312.0 11289.27  6328.30  1.00000
5499727.  4503.93 11245.40  6311.03  57823.0    312.0 11245.40  6311.03  1.00000
5524901.  4488.80 11201.09  6293.61  57823.0    312.0 11201.09  6293.61  1.00000
5550005.  4473.64 11156.36  6276.03  57823.0    312.0 11156.36  6276.03  1.00000
5575038.  4458.44 11111.20  6258.29  57823.0    312.0 11111.20  6258.29  1.00000
5600000.  4443.20 11065.59  6240.39  57823.0    312.0 11065.59  6240.39  1.00000
5600000.  4443.20 11065.60  6240.54  57823.0    312.0 11065.60  6240.54  1.00000
5604196.  4440.64 11052.56  6228.26  57823.0    312.0 11052.56  6228.26  1.00000
5628821.  4425.52 10975.98  6156.21  57823.0    312.0 10975.98  6156.21  1.00000
5653161.  4410.50 10900.26  6085.02  57823.0    312.0 10900.26  6085.02  1.00000
5677219.  4395.57 10825.37  6014.66  57823.0    312.0 10825.37  6014.66  1.00000
5701000.  4380.74 10751.32  5945.13  57823.0    312.0 10751.32  5945.13  1.00000
5701000.  3992.12 10266.17  5570.21  57823.0    143.0 10266.17  5570.21  1.00000
5704603.  3991.28 10260.59  5567.42  57823.0    143.0 10260.59  5567.42  1.00000
5726804.  3986.11 10226.21  5550.23  57823.0    143.0 10226.21  5550.23  1.00000
5748936.  3980.96 10191.93  5533.10  57823.0    143.0 10191.93  5533.10  1.00000
5771000.  3975.82 10157.76  5516.02  57823.0    143.0 10157.76  5516.02  1.00000
5771000.  3975.82 10157.83  5515.93  57823.0    143.0 10157.83  5515.93  1.00000
5784913.  3958.29 10086.60  5475.34  57823.0    143.0 10086.60  5475.34  1.00000
5806561.  3931.00  9975.77  5412.19  57823.0    143.0  9975.77  5412.19  1.00000
5827960.  3904.03  9866.21  5349.77  57823.0    143.0  9866.21  5349.77  1.00000
5849113.  3877.37  9757.92  5288.06  57823.0    143.0  9757.92  5288.06  1.00000
5870021.  3851.02  9650.88  5227.07  57823.0    143.0  9650.88  5227.07  1.00000
5890688.  3824.97  9545.08  5166.77  57823.0    143.0  9545.08  5166.77  1.00000
5911117.  3799.22  9440.49  5107.18  57823.0    143.0  9440.49  5107.18  1.00000
5931310.  3773.77  9337.11  5048.27  57823.0    143.0  9337.11  5048.27  1.00000
5951270.  3748.61  9234.92  4990.04  57823.0    143.0  9234.92  4990.04  1.00000
5971000.  3723.75  9133.92  4932.49  57823.0    143.0  9133.92  4932.49  1.00000
5971000.  3543.26  8905.24  4769.90  57823.0    143.0  8905.24  4769.90  1.00000
5981935.  3547.02  8885.91  4761.17  57823.0    143.0  8885.91  4775.07  1.00000
6000931.  3553.54  8852.33  4746.01  57823.0    143.0  8852.33  4784.05  1.00000
6019873.  3560.05  8818.84  4730.89  57823.0    143.0  8818.84  4793.00  1.00000
6038763.  3566.54  8785.44  4715.81  57823.0    143.0  8785.44  4801.92  1.00000
6057600.  3573.00  8752.14  4700.77  57823.0    143.0  8752.14  4810.83  1.00000
6071000.  3577.61  8728.45  4690.07  57823.0    143.0  8728.45  4817.16  1.00000
6072971.  3577.45  8728.63  4690.65  57823.0    143.0  8728.63  4817.75  1.00000
6074971.  3577.07  8728.30  4690.96  57823.0    143.0  8728.30  4818.08  1.00000
6076971.  3576.49  8727.46  4691.00  57823.0    143.0  8727.46  4818.11  1.00000
6078971.  3575.70  8726.09  4690.76  57823.0    143.0  8726.09  4817.86  1.00000
6080971.  3574.69  8724.21  4690.23  57823.0    143.0  8724.21  4817.32  1.00000
6082971.  3573.47  8721.82  4689.43  57823.0    143.0  8721.82  4816.50  1.00000
6084971.  3572.04  8718.91  4688.36  57823.0    143.0  8718.91  4815.40  1.00000
6086971.  3570.40  8715.48  4687.00  57823.0    143.0  8715.48  4814.01  1.00000
6088971.  3568.55  8711.53  4685.37  57823.0    143.0  8711.53  4812.33  1.00000
6090971.  3566.49  8707.07  4683.46  57823.0    143.0  8707.07  4810.37  1.00000
6092971.  3564.21  8702.10  4681.27  57823.0    143.0  8702.10  4808.12  1.00000
6094971.  3561.73  8696.61  4678.80  57823.0    143.0  8696.61  4805.58  1.00000
6096971.  3559.03  8690.60  4676.06  57823.0    143.0  8690.60  4802.77  1.00000
6098971.  3556.13  8684.08  4673.04  57823.0    143.0  8684.08  4799.66  1.00000
6100971.  3553.01  8677.04  4669.74  57823.0    143.0  8677.04  4796.27  1.00000
6102971.  3549.69  8669.49  4666.16  57823.0    143.0  8669.49  4792.60  1.00000
6104971.  3546.15  8661.43  4662.31  57823.0    143.0  8661.43  4788.64  1.00000
6106971.  3542.41  8652.84  4658.17  57823.0    143.0  8652.84  4784.39  1.00000
6108971.  3538.45  8643.75  4653.76  57823.0    143.0  8643.75  4779.86  1.00000
6110971.  3534.28  8634.14  4649.07  57823.0    143.0  8634.14  4775.05  1.00000
6112971.  3529.91  8623.92  4644.11  57823.0    143.0  8623.92  4769.95  1.00000
6114971.  3525.32  8613.19  4638.86  57823.0    143.0  8613.19  4764.56  1.00000
6116971.  3520.53  8601.95  4633.34  57823.0    143.0  8601.95  4758.89  1.00000
6118971.  3515.53  8590.19  4627.54  57823.0    143.0  8590.19  4752.93  1.00000
6120971.  3510.31  8577.92  4621.46  57823.0    143.0  8577.92  4746.69  1.00000
6122971.  3504.89  8565.14  4615.11  57823.0    143.0  8565.14  4740.16  1.00000
6124971.  3499.26  8551.84  4608.47  57823.0    143.0  8551.84  4733.35  1.00000
6126971.  3493.42  8538.03  4601.56  57823.0    143.0  8538.03  4726.25  1.00000
6128971.  3487.37  8523.71  4594.37  57823.0    143.0  8523.71  4718.87  1.00000
6130971.  3481.11  8508.87  4586.91  57823.0    143.0  8508.87  4711.20  1.00000
6132971.  3474.64  8493.53  4579.16  57823.0    143.0  8493.53  4703.24  1.00000
6134971.  3467.97  8477.67  4571.14  57823.0    143.0  8477.67  4695.00  1.00000
6136971.  3461.08  8461.30  4562.84  57823.0    143.0  8461.30  4686.48  1.00000
6138971.  3453.99  8444.42  4554.26  57823.0    143.0  8444.42  4677.67  1.00000
6140971.  3446.81  8427.33  4545.57  57823.0    143.0  8427.33  4668.74  1.00000
6142971.  3440.29  8411.84  4537.74  57823.0    143.0  8411.84  4660.69  1.00000
6144971.  3434.54  8398.22  4530.92  57823.0    143.0  8398.22  4653.69  1.00000
6146971.  3429.55  8386.49  4525.11  57823.0    143.0  8386.49  4647.72  1.00000
6148971.  3425.34  8376.64  4520.31  57823.0    143.0  8376.64  4642.80  1.00000
6150971.  3421.89  8368.67  4516.53  57823.0    143.0  8368.67  4638.92  1.00000
6152971.  3419.22  8362.57  4513.76  57823.0     80.0  8362.57  4636.07  1.00000
6154971.  3417.31  8358.36  4512.01  57823.0     80.0  8358.36  4634.27  1.00000
6156971.  3416.17  8356.02  4511.27  57823.0     80.0  8356.02  4633.51  1.00000
6158971.  3415.80  8355.55  4511.54  57823.0     80.0  8355.55  4633.79  1.00000
6160971.  3416.19  8356.97  4512.82  57823.0     80.0  8356.97  4635.11  1.00000
6162971.  3417.26  8365.29  4515.00  57823.0     80.0  8365.29  4637.34  1.00000
6164971.  3418.74  8365.43  4517.71  57823.0     80.0  8365.43  4640.13  1.00000
6166971.  3420.60  8366.53  4520.94  57823.0     80.0  8366.53  4643.45  1.00000
6168971.  3422.86  8368.57  4524.69  57823.0     80.0  8368.57  4647.29  1.00000
6170971.  3425.50  8371.55  4528.95  57823.0     80.0  8371.55  4651.67  1.00000
6172971.  3428.53  8375.48  4533.72  57823.0     80.0  8375.48  4656.57  1.00000
6174971.  3431.95  8380.35  4539.02  57823.0     80.0  8380.35  4662.01  1.00000
6176971.  3435.76  8386.15  4544.82  57823.0     80.0  8386.15  4667.97  1.00000
6178971.  3439.96  8392.90  4551.14  57823.0     80.0  8392.90  4674.46  1.00000
6180971.  3444.55  8400.58  4557.98  57823.0     80.0  8400.58  4681.49  1.00000
6182971.  3449.52  8409.20  4565.33  57823.0     80.0  8409.20  4689.04  1.00000
6184971.  3454.88  8418.74  4573.20  57823.0     80.0  8418.74  4697.12  1.00000
6186971.  3460.63  8429.22  4581.58  57823.0     80.0  8429.22  4705.73  1.00000
6188971.  3466.76  8440.63  4590.48  57823.0     80.0  8440.63  4714.87  1.00000
6190971.  3473.29  8452.97  4599.89  57823.0     80.0  8452.97  4724.54  1.00000
6192971.  3480.20  8466.23  4609.82  57823.0     80.0  8466.23  4734.73  1.00000
6194971.  3487.49  8480.42  4620.27  57823.0     80.0  8480.42  4745.46  1.00000
6196971.  3495.17  8495.53  4631.23  57823.0     80.0  8495.53  4756.72  1.00000
6198971.  3503.24  8511.56  4642.70  57823.0     80.0  8511.56  4768.50  1.00000
6200971.  3511.70  8528.51  4654.69  57823.0     80.0  8528.51  4780.82  1.00000
6202971.  3520.54  8546.38  4667.20  57823.0     80.0  8546.38  4793.66  1.00000
6204971.  3529.77  8565.16  4680.22  57823.0     80.0  8565.16  4807.04  1.00000
6206971.  3539.38  8584.86  4693.75  57823.0     80.0  8584.86  4820.94  1.00000
6208971.  3549.38  8605.47  4707.80  57823.0     80.0  8605.47  4835.37  1.00000
6210971.  3559.76  8627.00  4722.37  57823.0     80.0  8627.00  4850.33  1.00000
6212971.  3570.52  8649.43  4737.45  57823.0     80.0  8649.43  4865.82  1.00000
6214971.  3581.68  8672.77  4753.05  57823.0     80.0  8672.77  4881.84  1.00000
6216971.  3592.95  8696.37  4768.81  57823.0     80.0  8696.37  4898.03  1.00000
6218971.  3602.92  8716.81  4782.85  57823.0     80.0  8716.81  4912.46  1.00000
6220971.  3611.40  8733.62  4794.92  57823.0     80.0  8733.62  4924.85  1.00000
6222971.  3618.38  8746.78  4805.00  57823.0     80.0  8746.78  4935.20  1.00000
6224971.  3623.87  8756.32  4813.10  57823.0     80.0  8756.32  4943.52  1.00000
6226971.  3627.87  8762.24  4819.21  57823.0     80.0  8762.24  4949.80  1.00000
6228971.  3630.37  8764.54  4823.35  57823.0     80.0  8764.54  4954.05  1.00000
6230971.  3631.38  8763.24  4825.50  57823.0     80.0  8763.24  4956.25  1.00000
6232971.  3630.89  8758.32  4825.67  57823.0     80.0  8758.32  4956.43  1.00000
6234971.  3628.92  8749.82  4823.85  57823.0     80.0  8749.82  4954.56  1.00000
6236971.  3625.45  8737.72  4820.05  57823.0     80.0  8737.72  4950.66  1.00000
6238971.  3620.49  8722.04  4814.27  57823.0     80.0  8722.04  4944.73  1.00000
6240971.  3614.05  8702.78  4806.51  57823.0     80.0  8702.78  4936.75  1.00000
6242971.  3606.11  8679.95  4796.77  57823.0     80.0  8679.95  4926.74  1.00000
6244971.  3596.69  8653.55  4785.04  57823.0     80.0  8653.55  4914.70  1.00000
6246971.  3585.78  8623.60  4771.33  57823.0     80.0  8623.60  4900.61  1.00000
6248971.  3573.45  8590.25  4755.72  57823.0     80.0  8590.25  4884.58  1.00000
6250971.  3562.12  8559.33  4741.44  57823.0     80.0  8559.33  4869.91  1.00000
6252971.  3553.03  8539.49  4730.13  57823.0     80.0  8539.49  4858.31  1.00000
6254971.  3546.19  8525.12  4721.81  57823.0     80.0  8525.12  4849.76  1.00000
6256971.  3541.58  8516.13  4716.47  57823.0     80.0  8516.13  4844.28  1.00000
6258971.  3539.22  8512.52  4714.12  57823.0     80.0  8512.52  4841.85  1.00000
6260971.  3539.09  8514.29  4714.74  57823.0     80.0  8514.29  4842.49  1.00000
6262971.  3541.20  8521.45  4718.34  57823.0     80.0  8521.45  4846.19  1.00000
6264971.  3545.55  8533.99  4724.92  57823.0     80.0  8533.99  4852.95  1.00000
6266971.  3552.12  8551.89  4734.47  57823.0     80.0  8551.89  4862.76  1.00000
6268971.  3554.90  8560.67  4738.97  57823.0     80.0  8560.67  4867.39  1.00000
6270971.  3548.81  8548.10  4731.65  57823.0     80.0  8548.10  4859.87  1.00000
6272971.  3533.99  8514.48  4712.68  57823.0     80.0  8514.48  4840.38  1.00000
6274971.  3517.54  8476.90  4691.53  57823.0     80.0  8476.90  4818.65  1.00000
6276971.  3503.53  8445.20  4673.63  57823.0     80.0  8445.20  4800.27  1.00000
6278971.  3491.96  8419.37  4658.98  57823.0     80.0  8419.37  4785.22  1.00000
6280971.  3482.84  8399.42  4647.58  57823.0     80.0  8399.42  4773.52  1.00000
6282971.  3476.15  8385.34  4639.44  57823.0     80.0  8385.34  4765.15  1.00000
6284971.  3471.91  8377.14  4634.55  57823.0     80.0  8377.14  4760.13  1.00000
6286971.  3470.10  8374.82  4632.91  57823.0     80.0  8374.82  4758.45  1.00000
6288971.  3470.73  8378.38  4634.53  57823.0     80.0  8378.38  4760.11  1.00000
6290971.  3473.80  8387.83  4639.40  57823.0     80.0  8387.83  4765.11  1.00000
6292971.  3479.30  8403.15  4647.52  57823.0    600.0  8403.15  4773.46  1.00000
6294971.  3487.23  8424.35  4658.90  57823.0    600.0  8424.35  4785.14  1.00000
6296971.  3497.60  8451.42  4673.53  57823.0    600.0  8451.42  4800.17  1.00000
6298971.  3510.39  8484.39  4691.41  57823.0    600.0  8484.39  4818.54  1.00000
6300971.  3525.62  8523.24  4712.55  57823.0    600.0  8523.24  4840.25  1.00000
6302971.  3543.27  8567.98  4736.94  57823.0    600.0  8567.98  4865.30  1.00000
6304971.  3563.35  8618.61  4764.58  57823.0    600.0  8618.61  4893.69  1.00000
6306971.  3585.86  8675.14  4795.48  57823.0    600.0  8675.14  4925.42  1.00000
6308971.  3610.79  8737.56  4829.63  57823.0    600.0  8737.56  4960.50  1.00000
6310971.  3638.15  8805.87  4867.03  57823.0    600.0  8805.87  4998.91  1.00000
6312971.  3667.92  8880.08  4907.69  57823.0    600.0  8880.08  5040.67  1.00000
6314971.  3700.12  8960.19  4951.59  57823.0    600.0  8960.19  5085.77  1.00000
6314971.  2910.03  7191.54  3872.36  57823.0    600.0  7191.54  4001.47  1.00000
6315000.  2911.10  7195.40  3874.44  57823.0    600.0  7195.40  4003.62  1.00000
6317000.  2976.59  7427.54  3999.44  57823.0    600.0  7427.54  4132.79  1.00000
6319000.  3024.97  7595.66  4089.97  57823.0    600.0  7595.66  4226.33  1.00000
6321000.  3055.17  7699.77  4146.02  57823.0    600.0  7699.77  4284.26  1.00000
6323000.  3066.83  7739.85  4167.60  57823.0    600.0  7739.85  4306.56  1.00000
6325000.  3060.53  7718.19  4155.94  57823.0    600.0  7718.19  4294.50  1.00000
6327000.  3048.50  7676.81  4133.66  57823.0    600.0  7676.81  4271.49  1.00000
6329000.  3035.35  7631.51  4109.27  57823.0    600.0  7631.51  4246.28  1.00000
6331000.  3021.10  7582.28  4082.76  57823.0    600.0  7582.28  4218.89  1.00000
6333000.  3005.75  7529.12  4054.13  57823.0    600.0  7529.12  4189.31  1.00000
6335000.  2989.33  7472.03  4023.39  57823.0    600.0  7472.03  4157.54  1.00000
6337000.  2971.87  7411.00  3990.53  57823.0    600.0  7411.00  4123.59  1.00000
6339000.  2953.40  7346.05  3955.56  57823.0    600.0  7346.05  4087.44  1.00000
6341000.  2933.96  7277.17  3918.47  57823.0    600.0  7277.17  4049.12  1.00000
6343000.  2913.59  7204.36  3879.26  57823.0    600.0  7204.36  4008.60  1.00000
6345000.  2892.35  7127.61  3837.94  57823.0    600.0  7127.61  3965.90  1.00000
6347000.  2870.34  7047.09  3794.58  57823.0    600.0  7047.09  3921.10  1.00000
6349000.  2847.79  6963.40  3749.51  57823.0    600.0  6963.40  3874.53  1.00000
6351000.  2824.77  6876.58  3702.76  57823.0    600.0  6876.58  3826.22  1.00000
6353000.  2801.35  6786.63  3654.33  57823.0    600.0  6786.63  3776.18  1.00000
6355000.  2777.62  6693.57  3604.22  57823.0    600.0  6693.57  3724.39  1.00000
6357000.  2753.64  6597.38  3552.43  57823.0    600.0  6597.38  3670.88  1.00000
6359000.  2729.52  6498.08  3498.96  57823.0    600.0  6498.08  3615.62  1.00000
6361000.  2705.32  6395.65  3443.80  57823.0    600.0  6395.65  3558.63  1.00000
6363000.  2689.90  6328.69  3407.75  57823.0    600.0  6328.69  3521.37  1.00000
6365000.  2765.37  6644.71  3577.92  57823.0    600.0  6644.71  3697.21  1.00000
6367000.  2778.21  6695.94  3605.50  57823.0    600.0  6695.94  3725.71  1.00000
6369000.  2687.01  6315.96  3400.90  57823.0    999.0  6315.96  3514.29  1.00000
6371000.  2527.62  5504.79  2964.11  57823.0    999.0  5504.79  3062.94  1.00000
