Love_out_fail_model
  1   1.0000   1
  410   86   148   368
      0. 13088.50 11262.20  3667.80   1327.7     84.6 11262.20  3667.80  1.00000
   8105. 13088.49 11262.19  3667.79   1327.7     84.6 11262.19  3667.79  1.00000
  22776. 13088.39 11262.12  3667.74   1327.7     84.6 11262.12  3667.74  1.00000
  37447. 13088.19 11261.98  3667.65   1327.7     84.6 11261.98  3667.65  1.00000
  52117. 13087.91 11261.77  3667.50   1327.7     84.6 11261.77  3667.50  1.00000
  66786. 13087.53 11261.50  3667.31   1327.7     84.6 11261.50  3667.31  1.00000
  81454. 13087.06 11261.16  3667.07   1327.7     84.6 11261.16  3667.07  1.00000
  96122. 13086.49 11260.75  3666.79   1327.7     84.6 11260.75  3666.79  1.00000
 110787. 13085.83 11260.28  3666.46   1327.7     84.6 11260.28  3666.46  1.00000
 125452. 13085.07 11259.73  3666.08   1327.7     84.6 11259.73  3666.08  1.00000
 140114. 13084.23 11259.12  3665.65   1327.7     84.6 11259.12  3665.65  1.00000
 154775. 13083.28 11258.44  3665.18   1327.7     84.6 11258.44  3665.18  1.00000
 169434. 13082.25 11257.70  3664.65   1327.7     84.6 11257.70  3664.65  1.00000
 184090. 13081.12 11256.89  3664.09   1327.7     84.6 11256.89  3664.09  1.00000
 198744. 13079.90 11256.01  3663.47   1327.7     84.6 11256.01  3663.47  1.00000
 213395. 13078.58 11255.06  3662.81   1327.7     84.6 11255.06  3662.81  1.00000
 228044. 13077.18 11254.05  3662.10   1327.7     84.6 11254.05  3662.10  1.00000
 242689. 13075.68 11252.97  3661.35   1327.7     84.6 11252.97  3661.35  1.00000
 257331. 13074.08 11251.82  3660.54   1327.7     84.6 11251.82  3660.54  1.00000
 271970. 13072.39 11250.60  3659.70   1327.7     84.6 11250.60  3659.70  1.00000
 286605. 13070.61 11249.32  3658.80   1327.7     84.6 11249.32  3658.80  1.00000
 301237. 13068.74 11247.97  3657.86   1327.7     84.6 11247.97  3657.86  1.00000
 315864. 13066.78 11246.56  3656.87   1327.7     84.6 11246.56  3656.87  1.00000
 330487. 13064.72 11245.08  3655.83   1327.7     84.6 11245.08  3655.83  1.00000
 345106. 13062.57 11243.53  3654.75   1327.7     84.6 11243.53  3654.75  1.00000
 359721. 13060.32 11241.91  3653.62   1327.7     84.6 11241.91  3653.62  1.00000
 374331. 13057.99 11240.23  3652.45   1327.7     84.6 11240.23  3652.45  1.00000
 388936. 13055.56 11238.48  3651.22   1327.7     84.6 11238.48  3651.22  1.00000
 403535. 13053.04 11236.67  3649.96   1327.7     84.6 11236.67  3649.96  1.00000
 418130. 13050.43 11234.79  3648.64   1327.7     84.6 11234.79  3648.64  1.00000
 432719. 13047.73 11232.84  3647.28   1327.7     84.6 11232.84  3647.28  1.00000
 447303. 13044.93 11230.83  3645.88   1327.7     84.6 11230.83  3645.88  1.00000
 461880. 13042.05 11228.75  3644.42   1327.7     84.6 11228.75  3644.42  1.00000
 476452. 13039.07 11226.61  3642.93   1327.7     84.6 11226.61  3642.93  1.00000
 491017. 13036.00 11224.40  3641.38   1327.7     84.6 11224.40  3641.38  1.00000
 505577. 13032.84 11222.12  3639.79   1327.7     84.6 11222.12  3639.79  1.00000
 520129. 13029.59 11219.78  3638.16   1327.7     84.6 11219.78  3638.16  1.00000
 534675. 13026.25 11217.38  3636.48   1327.7     84.6 11217.38  3636.48  1.00000
 549214. 13022.82 11214.91  3634.75   1327.7     84.6 11214.91  3634.75  1.00000
 563746. 13019.30 11212.37  3632.98   1327.7     84.6 11212.37  3632.98  1.00000
 578271. 13015.69 11209.77  3631.16   1327.7     84.6 11209.77  3631.16  1.00000
 592788. 13011.99 11207.10  3629.30   1327.7     84.6 11207.10  3629.30  1.00000
 607297. 13008.19 11204.37  3627.39   1327.7     84.6 11204.37  3627.39  1.00000
 621799. 13004.31 11201.58  3625.44   1327.7     84.6 11201.58  3625.44  1.00000
 636293. 13000.34 11198.72  3623.44   1327.7     84.6 11198.72  3623.44  1.00000
 650779. 12996.28 11195.80  3621.39   1327.7     84.6 11195.80  3621.39  1.00000
 665256. 12992.13 11192.81  3619.31   1327.7     84.6 11192.81  3619.31  1.00000
 679724. 12987.90 11189.76  3617.17   1327.7     84.6 11189.76  3617.17  1.00000
 694184. 12983.57 11186.64  3615.00   1327.7     84.6 11186.64  3615.00  1.00000
 708636. 12979.16 11183.47  3612.78   1327.7     84.6 11183.47  3612.78  1.00000
 723078. 12974.66 11180.22  3610.51   1327.7     84.6 11180.22  3610.51  1.00000
 737510. 12970.07 11176.92  3608.20   1327.7     84.6 11176.92  3608.20  1.00000
 751934. 12965.39 11173.55  3605.85   1327.7     84.6 11173.55  3605.85  1.00000
 766348. 12960.62 11170.12  3603.45   1327.7     84.6 11170.12  3603.45  1.00000
 780752. 12955.77 11166.63  3601.01   1327.7     84.6 11166.63  3601.01  1.00000
 795146. 12950.83 11163.07  3598.52   1327.7     84.6 11163.07  3598.52  1.00000
 809530. 12945.80 11159.45  3595.99   1327.7     84.6 11159.45  3595.99  1.00000
 823903. 12940.69 11155.77  3593.42   1327.7     84.6 11155.77  3593.42  1.00000
 838267. 12935.49 11152.03  3590.80   1327.7     84.6 11152.03  3590.80  1.00000
 852619. 12930.21 11148.22  3588.15   1327.7     84.6 11148.22  3588.15  1.00000
 866961. 12924.84 11144.35  3585.44   1327.7     84.6 11144.35  3585.44  1.00000
 881292. 12919.38 11140.43  3582.70   1327.7     84.6 11140.43  3582.70  1.00000
 895611. 12913.84 11136.44  3579.91   1327.7     84.6 11136.44  3579.91  1.00000
 909920. 12908.22 11132.39  3577.08   1327.7     84.6 11132.39  3577.08  1.00000
 924217. 12902.51 11128.27  3574.21   1327.7     84.6 11128.27  3574.21  1.00000
 938502. 12896.72 11124.10  3571.29   1327.7     84.6 11124.10  3571.29  1.00000
 952775. 12890.84 11119.87  3568.33   1327.7     84.6 11119.87  3568.33  1.00000
 967036. 12884.88 11115.58  3565.33   1327.7     84.6 11115.58  3565.33  1.00000
 981285. 12878.83 11111.22  3562.29   1327.7     84.6 11111.22  3562.29  1.00000
 995522. 12872.70 11106.81  3559.21   1327.7     84.6 11106.81  3559.21  1.00000
1009747. 12866.49 11102.34  3556.08   1327.7     84.6 11102.34  3556.08  1.00000
1023958. 12860.20 11097.81  3552.91   1327.7     84.6 11097.81  3552.91  1.00000
1038157. 12853.82 11093.22  3549.71   1327.7     84.6 11093.22  3549.71  1.00000
1052343. 12847.37 11088.57  3546.46   1327.7     84.6 11088.57  3546.46  1.00000
1066516. 12840.83 11083.86  3543.17   1327.7     84.6 11083.86  3543.17  1.00000
1080675. 12834.21 11079.09  3539.84   1327.7     84.6 11079.09  3539.84  1.00000
1094821. 12827.51 11074.27  3536.46   1327.7     84.6 11074.27  3536.46  1.00000
1108953. 12820.73 11069.38  3533.05   1327.7     84.6 11069.38  3533.05  1.00000
1123071. 12813.86 11064.44  3529.60   1327.7     84.6 11064.44  3529.60  1.00000
1137176. 12806.92 11059.45  3526.10   1327.7     84.6 11059.45  3526.10  1.00000
1151266. 12799.90 11054.39  3522.57   1327.7     84.6 11054.39  3522.57  1.00000
1165342. 12792.80 11049.28  3519.00   1327.7     84.6 11049.28  3519.00  1.00000
1179404. 12785.62 11044.11  3515.39   1327.7     84.6 11044.11  3515.39  1.00000
1193451. 12778.36 11038.88  3511.73   1327.7     84.6 11038.88  3511.73  1.00000
1207483. 12771.03 11033.60  3508.04   1327.7     84.6 11033.60  3508.04  1.00000
1221500. 12763.61 11028.26  3504.31   1327.7     84.6 11028.26  3504.31  1.00000
1221500. 12165.96 10355.72     0.00  57823.0      0.0 10355.72     0.00  1.00000
1235286. 12158.85 10347.71     0.00  57823.0      0.0 10347.71     0.00  1.00000
1276580. 12137.14 10323.57     0.00  57823.0      0.0 10323.57     0.00  1.00000
1317777. 12114.91 10299.20     0.00  57823.0      0.0 10299.20     0.00  1.00000
1358876. 12092.14 10274.58     0.00  57823.0      0.0 10274.58     0.00  1.00000
1399874. 12068.82 10249.71     0.00  57823.0      0.0 10249.71     0.00  1.00000
1440773. 12044.96 10224.55     0.00  57823.0      0.0 10224.55     0.00  1.00000
1481569. 12020.55 10199.09     0.00  57823.0      0.0 10199.09     0.00  1.00000
1522262. 11995.60 10173.32     0.00  57823.0      0.0 10173.32     0.00  1.00000
1562851. 11970.08 10147.21     0.00  57823.0      0.0 10147.21     0.00  1.00000
1603334. 11944.01 10120.75     0.00  57823.0      0.0 10120.75     0.00  1.00000
1643710. 11917.38 10093.93     0.00  57823.0      0.0 10093.93     0.00  1.00000
1683977. 11890.18 10066.72     0.00  57823.0      0.0 10066.72     0.00  1.00000
1724133. 11862.42 10039.11     0.00  57823.0      0.0 10039.11     0.00  1.00000
1764177. 11834.10 10011.08     0.00  57823.0      0.0 10011.08     0.00  1.00000
1804108. 11805.20  9982.63     0.00  57823.0      0.0  9982.63     0.00  1.00000
1843923. 11775.74  9953.73     0.00  57823.0      0.0  9953.73     0.00  1.00000
1883620. 11745.70  9924.37     0.00  57823.0      0.0  9924.37     0.00  1.00000
1923199. 11715.10  9894.54     0.00  57823.0      0.0  9894.54     0.00  1.00000
1962655. 11683.92  9864.23     0.00  57823.0      0.0  9864.23     0.00  1.00000
2001989. 11652.17  9833.42     0.00  57823.0      0.0  9833.42     0.00  1.00000
2041198. 11619.85  9802.11     0.00  57823.0      0.0  9802.11     0.00  1.00000
2080279. 11586.96  9770.27     0.00  57823.0      0.0  9770.27     0.00  1.00000
2119230. 11553.50  9737.91     0.00  57823.0      0.0  9737.91     0.00  1.00000
2158050. 11519.47  9705.00     0.00  57823.0      0.0  9705.00     0.00  1.00000
2196736. 11484.87  9671.54     0.00  57823.0      0.0  9671.54     0.00  1.00000
2235287. 11449.71  9637.52     0.00  57823.0      0.0  9637.52     0.00  1.00000
2273698. 11413.98  9602.94     0.00  57823.0      0.0  9602.94     0.00  1.00000
2311969. 11377.69  9567.77     0.00  57823.0      0.0  9567.77     0.00  1.00000
2350097. 11340.85  9532.02     0.00  57823.0      0.0  9532.02     0.00  1.00000
2388080. 11303.45  9495.68     0.00  57823.0      0.0  9495.68     0.00  1.00000
2425915. 11265.49  9458.75     0.00  57823.0      0.0  9458.75     0.00  1.00000
2463600. 11226.99  9421.21     0.00  57823.0      0.0  9421.21     0.00  1.00000
2501132. 11187.94  9383.06     0.00  57823.0      0.0  9383.06     0.00  1.00000
2538509. 11148.36  9344.29     0.00  57823.0      0.0  9344.29     0.00  1.00000
2575729. 11108.24  9304.91     0.00  57823.0      0.0  9304.91     0.00  1.00000
2612789. 11067.59  9264.91     0.00  57823.0      0.0  9264.91     0.00  1.00000
2649686. 11026.41  9224.28     0.00  57823.0      0.0  9224.28     0.00  1.00000
2686418. 10984.72  9183.02     0.00  57823.0      0.0  9183.02     0.00  1.00000
2722982. 10942.51  9141.14     0.00  57823.0      0.0  9141.14     0.00  1.00000
2759377. 10899.80  9098.63     0.00  57823.0      0.0  9098.63     0.00  1.00000
2795599. 10856.58  9055.49     0.00  57823.0      0.0  9055.49     0.00  1.00000
2831646. 10812.88  9011.71     0.00  57823.0      0.0  9011.71     0.00  1.00000
2867515. 10768.69  8967.31     0.00  57823.0      0.0  8967.31     0.00  1.00000
2903204. 10724.02  8922.28     0.00  57823.0      0.0  8922.28     0.00  1.00000
2938711. 10678.88  8876.63     0.00  57823.0      0.0  8876.63     0.00  1.00000
2974032. 10633.28  8830.35     0.00  57823.0      0.0  8830.35     0.00  1.00000
3009166. 10587.23  8783.45     0.00  57823.0      0.0  8783.45     0.00  1.00000
3044109. 10540.74  8735.93     0.00  57823.0      0.0  8735.93     0.00  1.00000
3078861. 10493.81  8687.80     0.00  57823.0      0.0  8687.80     0.00  1.00000
3113417. 10446.45  8639.06     0.00  57823.0      0.0  8639.06     0.00  1.00000
3147776. 10398.68  8589.72     0.00  57823.0      0.0  8589.72     0.00  1.00000
3181935. 10350.50  8539.79     0.00  57823.0      0.0  8539.79     0.00  1.00000
3215892. 10301.93  8489.26     0.00  57823.0      0.0  8489.26     0.00  1.00000
3249645. 10252.98  8438.15     0.00  57823.0      0.0  8438.15     0.00  1.00000
3283191. 10203.65  8386.47     0.00  57823.0      0.0  8386.47     0.00  1.00000
3316527. 10153.96  8334.22     0.00  57823.0      0.0  8334.22     0.00  1.00000
3349653. 10103.91  8281.41     0.00  57823.0      0.0  8281.41     0.00  1.00000
3382565. 10053.53  8228.05     0.00  57823.0      0.0  8228.05     0.00  1.00000
3415262. 10002.82  8174.16     0.00  57823.0      0.0  8174.16     0.00  1.00000
3447741.  9951.79  8119.73     0.00  57823.0      0.0  8119.73     0.00  1.00000
3480000.  9900.45  8064.79     0.00  57823.0      0.0  8064.79     0.00  1.00000
3480000.  5566.46 13716.62  7264.65  57823.0    312.0 13716.62  7264.65  1.00000
3484690.  5564.10 13715.47  7264.70  57823.0    312.0 13715.47  7264.70  1.00000
3513750.  5549.55 13708.36  7264.99  57823.0    312.0 13708.36  7264.99  1.00000
3542811.  5535.01 13701.30  7265.26  57823.0    312.0 13701.30  7265.26  1.00000
3571873.  5520.48 13694.30  7265.52  57823.0    312.0 13694.30  7265.52  1.00000
3600936.  5505.97 13687.35  7265.75  57823.0    312.0 13687.35  7265.75  1.00000
3630000.  5491.48 13680.44  7265.97  57823.0    312.0 13680.44  7265.97  1.00000
3630000.  5491.48 13680.42  7265.93  57823.0    312.0 13680.42  7265.93  1.00000
3649585.  5481.71 13656.66  7256.95  57823.0    312.0 13656.66  7256.95  1.00000
3678560.  5467.28 13621.71  7243.73  57823.0    312.0 13621.71  7243.73  1.00000
3707483.  5452.88 13587.04  7230.58  57823.0    312.0 13587.04  7230.58  1.00000
3736353.  5438.51 13552.63  7217.52  57823.0    312.0 13552.63  7217.52  1.00000
3765171.  5424.17 13518.48  7204.52  57823.0    312.0 13518.48  7204.52  1.00000
3793937.  5409.86 13484.56  7191.59  57823.0    312.0 13484.56  7191.59  1.00000
3822652.  5395.57 13450.86  7178.71  57823.0    312.0 13450.86  7178.71  1.00000
3851316.  5381.31 13417.36  7165.89  57823.0    312.0 13417.36  7165.89  1.00000
3879928.  5367.07 13384.05  7153.12  57823.0    312.0 13384.05  7153.12  1.00000
3908490.  5352.86 13350.92  7140.39  57823.0    312.0 13350.92  7140.39  1.00000
3937000.  5338.66 13317.94  7127.70  57823.0    312.0 13317.94  7127.70  1.00000
3965461.  5324.49 13285.10  7115.05  57823.0    312.0 13285.10  7115.05  1.00000
3993870.  5310.33 13252.39  7102.42  57823.0    312.0 13252.39  7102.42  1.00000
4022230.  5296.18 13219.79  7089.81  57823.0    312.0 13219.79  7089.81  1.00000
4050538.  5282.04 13187.29  7077.22  57823.0    312.0 13187.29  7077.22  1.00000
4078797.  5267.92 13154.88  7064.64  57823.0    312.0 13154.88  7064.64  1.00000
4107005.  5253.81 13122.53  7052.07  57823.0    312.0 13122.53  7052.07  1.00000
4135163.  5239.71 13090.24  7039.51  57823.0    312.0 13090.24  7039.51  1.00000
4163271.  5225.61 13057.99  7026.94  57823.0    312.0 13057.99  7026.94  1.00000
4191329.  5211.52 13025.78  7014.37  57823.0    312.0 13025.78  7014.37  1.00000
4219336.  5197.43 12993.57  7001.79  57823.0    312.0 12993.57  7001.79  1.00000
4247293.  5183.34 12961.37  6989.19  57823.0    312.0 12961.37  6989.19  1.00000
4275199.  5169.26 12929.16  6976.58  57823.0    312.0 12929.16  6976.58  1.00000
4303055.  5155.17 12896.93  6963.94  57823.0    312.0 12896.93  6963.94  1.00000
4330860.  5141.09 12864.65  6951.27  57823.0    312.0 12864.65  6951.27  1.00000
4358614.  5127.00 12832.33  6938.57  57823.0    312.0 12832.33  6938.57  1.00000
4386317.  5112.91 12799.95  6925.83  57823.0    312.0 12799.95  6925.83  1.00000
4413969.  5098.81 12767.49  6913.05  57823.0    312.0 12767.49  6913.05  1.00000
4441570.  5084.70 12734.95  6900.23  57823.0    312.0 12734.95  6900.23  1.00000
4469120.  5070.59 12702.31  6887.35  57823.0    312.0 12702.31  6887.35  1.00000
4496617.  5056.46 12669.56  6874.43  57823.0    312.0 12669.56  6874.43  1.00000
4524063.  5042.33 12636.68  6861.45  57823.0    312.0 12636.68  6861.45  1.00000
4551457.  5028.19 12603.68  6848.40  57823.0    312.0 12603.68  6848.40  1.00000
4578798.  5014.03 12570.53  6835.30  57823.0    312.0 12570.53  6835.30  1.00000
4606087.  4999.86 12537.23  6822.12  57823.0    312.0 12537.23  6822.12  1.00000
4633322.  4985.68 12503.76  6808.87  57823.0    312.0 12503.76  6808.87  1.00000
4660504.  4971.47 12470.11  6795.55  57823.0    312.0 12470.11  6795.55  1.00000
4687633.  4957.26 12436.28  6782.15  57823.0    312.0 12436.28  6782.15  1.00000
4714707.  4943.02 12402.25  6768.66  57823.0    312.0 12402.25  6768.66  1.00000
4741728.  4928.77 12368.01  6755.09  57823.0    312.0 12368.01  6755.09  1.00000
4768694.  4914.49 12333.56  6741.43  57823.0    312.0 12333.56  6741.43  1.00000
4795604.  4900.20 12298.87  6727.68  57823.0    312.0 12298.87  6727.68  1.00000
4822460.  4885.88 12263.95  6713.83  57823.0    312.0 12263.95  6713.83  1.00000
4849259.  4871.55 12228.78  6699.88  57823.0    312.0 12228.78  6699.88  1.00000
4876003.  4857.19 12193.36  6685.83  57823.0    312.0 12193.36  6685.83  1.00000
4902689.  4842.80 12157.67  6671.68  57823.0    312.0 12157.67  6671.68  1.00000
4929319.  4828.39 12121.71  6657.42  57823.0    312.0 12121.71  6657.42  1.00000
4955891.  4813.96 12085.46  6643.04  57823.0    312.0 12085.46  6643.04  1.00000
4982405.  4799.50 12048.92  6628.55  57823.0    312.0 12048.92  6628.55  1.00000
5008861.  4785.01 12012.08  6613.95  57823.0    312.0 12012.08  6613.95  1.00000
5035258.  4770.49 11974.94  6599.22  57823.0    312.0 11974.94  6599.22  1.00000
5061595.  4755.95 11937.47  6584.37  57823.0    312.0 11937.47  6584.37  1.00000
5087873.  4741.38 11899.69  6569.40  57823.0    312.0 11899.69  6569.40  1.00000
5114090.  4726.78 11861.57  6554.30  57823.0    312.0 11861.57  6554.30  1.00000
5140247.  4712.15 11823.11  6539.07  57823.0    312.0 11823.11  6539.07  1.00000
5166341.  4697.48 11784.31  6523.71  57823.0    312.0 11784.31  6523.71  1.00000
5192374.  4682.79 11745.15  6508.21  57823.0    312.0 11745.15  6508.21  1.00000
5218345.  4668.07 11705.63  6492.58  57823.0    312.0 11705.63  6492.58  1.00000
5244252.  4653.31 11665.75  6476.81  57823.0    312.0 11665.75  6476.81  1.00000
5270095.  4638.52 11625.49  6460.90  57823.0    312.0 11625.49  6460.90  1.00000
5295875.  4623.70 11584.85  6444.84  57823.0    312.0 11584.85  6444.84  1.00000
5321589.  4608.85 11543.83  6428.64  57823.0    312.0 11543.83  6428.64  1.00000
5347238.  4593.96 11502.41  6412.29  57823.0    312.0 11502.41  6412.29  1.00000
5372822.  4579.04 11460.60  6395.80  57823.0    312.0 11460.60  6395.80  1.00000
5398338.  4564.09 11418.38  6379.15  57823.0    312.0 11418.38  6379.15  1.00000
5423788.  4549.10 11375.76  6362.36  57823.0    312.0 11375.76  6362.36  1.00000
5449169.  4534.08 11332.73  6345.40  57823.0    312.0 11332.73  6345.40  1.00000
5474483.  4519.02 11289.27  6328.30  57823.0    312.0 11289.27  6328.30  1.00000
5499727.  4503.93 11245.40  6311.03  57823.0    312.0 11245.40  6311.03  1.00000
5524901.  4488.80 11201.09  6293.61  57823.0    312.0 11201.09  6293.61  1.00000
5550005.  4473.64 11156.36  6276.03  57823.0    312.0 11156.36  6276.03  1.00000
5575038.  4458.44 11111.20  6258.29  57823.0    312.0 11111.20  6258.29  1.00000
5600000.  4443.20 11065.59  6240.39  57823.0    312.0 11065.59  6240.39  1.00000
5600000.  4443.20 11065.60  6240.54  57823.0    312.0 11065.60  6240.54  1.00000
5604196.  4440.64 11052.56  6228.26  57823.0    312.0 11052.56  6228.26  1.00000
5628821.  4425.52 10975.98  6156.21  57823.0    312.0 10975.98  6156.21  1.00000
5653161.  4410.50 10900.26  6085.02  57823.0    312.0 10900.26  6085.02  1.00000
5677219.  4395.57 10825.37  6014.66  57823.0    312.0 10825.37  6014.66  1.00000
5701000.  4380.74 10751.32  5945.13  57823.0    312.0 10751.32  5945.13  1.00000
5701000.  3992.12 10266.17  5570.21  57823.0    143.0 10266.17  5570.21  1.00000
5704603.  3991.28 10260.59  5567.42  57823.0    143.0 10260.59  5567.42  1.00000
5726804.  3986.11 10226.21  5550.23  57823.0    143.0 10226.21  5550.23  1.00000
5748936.  3980.96 10191.93  5533.10  57823.0    143.0 10191.93  5533.10  1.00000
5771000.  3975.82 10157.76  5516.02  57823.0    143.0 10157.76  5516.02  1.00000
5771000.  3975.82 10157.83  5515.93  57823.0    143.0 10157.83  5515.93  1.00000
5784913.  3958.29 10086.60  5475.34  57823.0    143.0 10086.60  5475.34  1.00000
5806561.  3931.00  9975.77  5412.19  57823.0    143.0  9975.77  5412.19  1.00000
5827960.  3904.03  9866.21  5349.77  57823.0    143.0  9866.21  5349.77  1.00000
5849113.  3877.37  9757.92  5288.06  57823.0    143.0  9757.92  5288.06  1.00000
5870021.  3851.02  9650.88  5227.07  57823.0    143.0  9650.88  5227.07  1.00000
5890688.  3824.97  9545.08  5166.77  57823.0    143.0  9545.08  5166.77  1.00000
5911117.  3799.22  9440.49  5107.18  57823.0    143.0  9440.49  5107.18  1.00000
5931310.  3773.77  9337.11  5048.27  57823.0    143.0  9337.11  5048.27  1.00000
5951270.  3748.61  9234.92  4990.04  57823.0    143.0  9234.92  4990.04  1.00000
5971000.  3723.75  9133.92  4932.49  57823.0    143.0  9133.92  4932.49  1.00000
5971000.  3543.26  8905.24  4769.90  57823.0    143.0  8905.24  4769.90  1.00000
5981935.  3511.02  8798.08  4712.23  57823.0    143.0  8798.08  4729.97  1.00000
6000931.  3455.00  8611.92  4612.05  57823.0    143.0  8611.92  4660.61  1.00000
6019873.  3399.15  8426.28  4512.15  57823.0    143.0  8426.28  4591.45  1.00000
6038763.  3343.44  8241.15  4412.53  57823.0    143.0  8241.15  4522.47  1.00000
6057600.  3287.90  8056.54  4313.19  57823.0    143.0  8056.54  4453.69  1.00000
6071000.  3248.38  7925.23  4242.52  57823.0    143.0  7925.23  4404.77  1.00000
6072319.  3233.56  7889.41  4223.64  57823.0    143.0  7889.41  4385.16  1.00000
6074319.  3212.39  7838.27  4196.70  57823.0    143.0  7838.27  4357.19  1.00000
6076319.  3192.80  7790.99  4171.82  57823.0    143.0  7790.99  4331.36  1.00000
6078319.  3174.79  7747.55  4148.99  57823.0    143.0  7747.55  4307.66  1.00000
6080319.  3158.36  7707.97  4128.23  57823.0    143.0  7707.97  4286.10  1.00000
6082319.  3143.51  7672.24  4109.51  57823.0    143.0  7672.24  4266.67  1.00000
6084319.  3130.24  7640.35  4092.86  57823.0    143.0  7640.35  4249.38  1.00000
6086319.  3118.54  7612.31  4078.27  57823.0    143.0  7612.31  4234.23  1.00000
6088319.  3108.42  7588.11  4065.73  57823.0    143.0  7588.11  4221.21  1.00000
6090319.  3099.88  7567.76  4055.24  57823.0    143.0  7567.76  4210.33  1.00000
6092319.  3092.92  7551.25  4046.82  57823.0    143.0  7551.25  4201.58  1.00000
6094319.  3087.52  7538.58  4040.45  57823.0    143.0  7538.58  4194.97  1.00000
6096319.  3083.70  7529.76  4036.14  57823.0    143.0  7529.76  4190.49  1.00000
6098319.  3081.46  7524.77  4033.89  57823.0    143.0  7524.77  4188.15  1.00000
6100319.  3080.78  7523.62  4033.69  57823.0    143.0  7523.62  4187.95  1.00000
6102319.  3081.68  7526.30  4035.55  57823.0    143.0  7526.30  4189.88  1.00000
6104319.  3084.15  7532.83  4039.47  57823.0    143.0  7532.83  4193.95  1.00000
6106319.  3088.19  7543.18  4045.45  57823.0    143.0  7543.18  4200.15  1.00000
6108319.  3093.79  7557.37  4053.48  57823.0    143.0  7557.37  4208.49  1.00000
6110319.  3100.96  7575.39  4063.57  57823.0    143.0  7575.39  4218.97  1.00000
6112319.  3109.71  7597.19  4075.71  57823.0    143.0  7597.19  4231.58  1.00000
6114319.  3120.01  7622.79  4089.92  57823.0    143.0  7622.79  4246.33  1.00000
6116319.  3131.89  7652.21  4106.18  57823.0    143.0  7652.21  4263.21  1.00000
6118319.  3145.32  7685.46  4124.50  57823.0    143.0  7685.46  4282.23  1.00000
6120319.  3160.32  7722.54  4144.87  57823.0    143.0  7722.54  4303.38  1.00000
6122319.  3176.89  7763.44  4167.30  57823.0    143.0  7763.44  4326.67  1.00000
6124319.  3195.02  7808.16  4191.79  57823.0    143.0  7808.16  4352.10  1.00000
6126319.  3214.70  7856.71  4218.34  57823.0    143.0  7856.71  4379.66  1.00000
6128319.  3235.95  7909.07  4246.94  57823.0    143.0  7909.07  4409.36  1.00000
6130319.  3258.76  7965.25  4277.61  57823.0    143.0  7965.25  4441.19  1.00000
6132319.  3283.13  8025.25  4310.32  57823.0    143.0  8025.25  4475.16  1.00000
6134319.  3309.06  8089.06  4345.10  57823.0    143.0  8089.06  4511.27  1.00000
6136319.  3336.54  8156.69  4381.93  57823.0    143.0  8156.69  4549.51  1.00000
6138319.  3365.58  8228.13  4420.82  57823.0    143.0  8228.13  4589.88  1.00000
6140319.  3396.18  8303.38  4461.77  57823.0    143.0  8303.38  4632.40  1.00000
6142319.  3428.33  8382.45  4504.77  57823.0    143.0  8382.45  4677.04  1.00000
6144319.  3458.57  8456.84  4545.28  57823.0    143.0  8456.84  4719.10  1.00000
6146319.  3482.20  8515.09  4577.11  57823.0    143.0  8515.09  4752.15  1.00000
6148319.  3499.21  8557.14  4600.24  57823.0    143.0  8557.14  4776.17  1.00000
6150319.  3509.59  8582.99  4614.68  57823.0    143.0  8582.99  4791.15  1.00000
6152319.  3513.35  8592.66  4620.40  57823.0     80.0  8592.66  4797.10  1.00000
6154319.  3510.50  8586.13  4617.43  57823.0     80.0  8586.13  4794.01  1.00000
6156319.  3501.03  8563.43  4605.76  57823.0     80.0  8563.43  4781.89  1.00000
6158319.  3484.95  8524.56  4585.38  57823.0     80.0  8524.56  4760.73  1.00000
6160319.  3462.26  8469.52  4556.30  57823.0     80.0  8469.52  4730.54  1.00000
6162319.  3432.97  8404.88  4518.52  57823.0     80.0  8404.88  4691.31  1.00000
6164319.  3397.08  8313.57  4472.03  57823.0     80.0  8313.57  4643.05  1.00000
6166319.  3354.59  8206.18  4416.85  57823.0     80.0  8206.18  4585.76  1.00000
6168319.  3305.51  8082.76  4352.96  57823.0     80.0  8082.76  4519.42  1.00000
6170319.  3249.84  7943.32  4280.37  57823.0     80.0  7943.32  4444.06  1.00000
6172319.  3187.58  7787.91  4199.07  57823.0     80.0  7787.91  4359.66  1.00000
6174319.  3118.73  7616.54  4109.08  57823.0     80.0  7616.54  4266.22  1.00000
6176319.  3045.70  7435.09  4013.54  57823.0     80.0  7435.09  4167.03  1.00000
6178319.  2981.85  7276.18  3930.06  57823.0     80.0  7276.18  4080.35  1.00000
6180319.  2929.23  7144.80  3861.36  57823.0     80.0  7144.80  4009.03  1.00000
6182319.  2887.84  7040.91  3807.44  57823.0     80.0  7040.91  3953.05  1.00000
6184319.  2857.68  6964.45  3768.31  57823.0     80.0  6964.45  3912.41  1.00000
6186319.  2838.73  6915.37  3743.95  57823.0     80.0  6915.37  3887.13  1.00000
6188319.  2833.91  6900.76  3738.24  57823.0     80.0  6900.76  3881.19  1.00000
6190319.  2849.56  6935.94  3759.50  57823.0     80.0  6935.94  3903.28  1.00000
6192319.  2885.86  7021.36  3808.04  57823.0     80.0  7021.36  3953.67  1.00000
6194319.  2931.49  7129.39  3868.91  57823.0     80.0  7129.39  4016.87  1.00000
6196319.  2975.50  7233.37  3927.65  57823.0     80.0  7233.37  4077.85  1.00000
6198319.  3017.87  7333.29  3984.25  57823.0     80.0  7333.29  4136.62  1.00000
6200319.  3058.61  7429.16  4038.72  57823.0     80.0  7429.16  4193.17  1.00000
6202319.  3097.72  7521.00  4091.06  57823.0     80.0  7521.00  4247.51  1.00000
6204319.  3135.21  7608.80  4141.26  57823.0     80.0  7608.80  4299.63  1.00000
6206319.  3171.07  7692.57  4189.33  57823.0     80.0  7692.57  4349.54  1.00000
6208319.  3205.30  7772.33  4235.27  57823.0     80.0  7772.33  4397.23  1.00000
6210319.  3237.90  7848.07  4279.07  57823.0     80.0  7848.07  4442.71  1.00000
6212319.  3268.88  7919.80  4320.74  57823.0     80.0  7919.80  4485.97  1.00000
6214319.  3298.24  7987.54  4360.28  57823.0     80.0  7987.54  4527.02  1.00000
6216319.  3325.97  8051.29  4397.68  57823.0     80.0  8051.29  4565.86  1.00000
6218319.  3352.08  8111.05  4432.95  57823.0     80.0  8111.05  4602.47  1.00000
6220319.  3376.57  8166.84  4466.08  57823.0     80.0  8166.84  4636.88  1.00000
6222319.  3399.43  8218.65  4497.09  57823.0     80.0  8218.65  4669.07  1.00000
6224319.  3420.68  8266.50  4525.96  57823.0     80.0  8266.50  4699.04  1.00000
6226319.  3440.31  8310.39  4552.69  57823.0     80.0  8310.39  4726.80  1.00000
6228319.  3458.32  8350.34  4577.30  57823.0     80.0  8350.34  4752.34  1.00000
6230319.  3474.87  8386.73  4599.98  57823.0     80.0  8386.73  4775.89  1.00000
6232319.  3490.83  8421.64  4621.88  57823.0     80.0  8421.64  4798.63  1.00000
6234319.  3506.31  8455.38  4643.16  57823.0     80.0  8455.38  4820.73  1.00000
6236319.  3521.32  8487.95  4663.83  57823.0     80.0  8487.95  4842.18  1.00000
6238319.  3535.87  8519.36  4683.87  57823.0     80.0  8519.36  4862.99  1.00000
6240319.  3549.94  8549.59  4703.30  57823.0     80.0  8549.59  4883.17  1.00000
6242319.  3563.54  8578.67  4722.11  57823.0     80.0  8578.67  4902.70  1.00000
6244319.  3576.67  8606.58  4740.31  57823.0     80.0  8606.58  4921.59  1.00000
6246319.  3589.32  8633.33  4757.89  57823.0     80.0  8633.33  4939.84  1.00000
6248319.  3601.51  8658.92  4774.84  57823.0     80.0  8658.92  4957.44  1.00000
6250319.  3613.23  8683.36  4791.19  57823.0     80.0  8683.36  4974.41  1.00000
6252319.  3624.48  8710.51  4806.91  57823.0     80.0  8710.51  4990.74  1.00000
6254319.  3635.26  8738.56  4822.02  57823.0     80.0  8738.56  5006.42  1.00000
6256319.  3645.57  8765.48  4836.51  57823.0     80.0  8765.48  5021.46  1.00000
6258319.  3655.41  8791.29  4850.38  57823.0     80.0  8791.29  5035.87  1.00000
6260319.  3664.79  8815.99  4863.63  57823.0     80.0  8815.99  5049.63  1.00000
6262319.  3673.69  8839.57  4876.27  57823.0     80.0  8839.57  5062.75  1.00000
6264319.  3682.13  8862.03  4888.29  57823.0     80.0  8862.03  5075.22  1.00000
6266319.  3690.10  8883.37  4899.69  57823.0     80.0  8883.37  5087.06  1.00000
6268319.  3697.60  8903.60  4910.47  57823.0     80.0  8903.60  5098.26  1.00000
6270319.  3704.63  8922.72  4920.64  57823.0     80.0  8922.72  5108.81  1.00000
6272319.  3711.14  8940.58  4930.11  57823.0     80.0  8940.58  5118.65  1.00000
6274319.  3715.51  8953.29  4936.74  57823.0     80.0  8953.29  5125.54  1.00000
6276319.  3717.02  8959.09  4939.57  57823.0     80.0  8959.09  5128.47  1.00000
6278319.  3715.65  8957.98  4938.58  57823.0     80.0  8957.98  5127.44  1.00000
6280319.  3711.41  8949.95  4933.78  57823.0     80.0  8949.95  5122.45  1.00000
6282319.  3704.31  8935.01  4925.16  57823.0     80.0  8935.01  5113.51  1.00000
6284319.  3694.35  8913.14  4912.73  57823.0     80.0  8913.14  5100.61  1.00000
6286319.  3681.52  8884.36  4896.49  57823.0     80.0  8884.36  5083.75  1.00000
6288319.  3665.83  8848.65  4876.44  57823.0     80.0  8848.65  5062.93  1.00000
6290319.  3647.28  8806.01  4852.58  57823.0     80.0  8806.01  5038.15  1.00000
6292319.  3625.87  8756.45  4824.90  57823.0    600.0  8756.45  5009.41  1.00000
6294319.  3601.60  8699.96  4793.41  57823.0    600.0  8699.96  4976.72  1.00000
6296319.  3574.48  8636.52  4758.11  57823.0    600.0  8636.52  4940.07  1.00000
6298319.  3544.50  8566.15  4718.99  57823.0    600.0  8566.15  4899.46  1.00000
6300319.  3511.67  8488.85  4676.07  57823.0    600.0  8488.85  4854.89  1.00000
6302319.  3475.99  8404.63  4629.33  57823.0    600.0  8404.63  4806.37  1.00000
6304319.  3444.11  8329.56  4587.64  57823.0    600.0  8329.56  4763.08  1.00000
6306319.  3421.93  8277.90  4558.86  57823.0    600.0  8277.90  4733.20  1.00000
6308319.  3409.44  8249.67  4542.98  57823.0    600.0  8249.67  4716.71  1.00000
6310319.  3406.64  8244.88  4540.00  57823.0    600.0  8244.88  4713.62  1.00000
6312319.  3413.52  8263.52  4549.93  57823.0    600.0  8263.52  4723.93  1.00000
6314319.  3430.08  8305.60  4572.77  57823.0    600.0  8305.60  4747.64  1.00000
6316319.  3456.31  8371.13  4608.51  57823.0    600.0  8371.13  4784.75  1.00000
6318319.  3492.21  8460.11  4657.15  57823.0    600.0  8460.11  4835.25  1.00000
6320319.  3537.77  8572.56  4718.70  57823.0    600.0  8572.56  4899.16  1.00000
6322319.  3592.99  8708.46  4793.16  57823.0    600.0  8708.46  4976.46  1.00000
6322319.  3042.45  7465.63  4121.12  57823.0    600.0  7465.63  4262.44  1.00000
6323000.  3036.35  7445.13  4109.80  57823.0    600.0  7445.13  4250.73  1.00000
6325000.  3019.40  7388.07  4078.31  57823.0    600.0  7388.07  4218.16  1.00000
6327000.  3003.88  7335.62  4049.35  57823.0    600.0  7335.62  4188.21  1.00000
6329000.  2989.78  7287.77  4022.94  57823.0    600.0  7287.77  4160.89  1.00000
6331000.  2977.08  7244.53  3999.07  57823.0    600.0  7244.53  4136.21  1.00000
6333000.  2965.78  7205.90  3977.75  57823.0    600.0  7205.90  4114.15  1.00000
6335000.  2955.86  7171.88  3958.97  57823.0    600.0  7171.88  4094.73  1.00000
6337000.  2947.32  7142.47  3942.73  57823.0    600.0  7142.47  4077.93  1.00000
6339000.  2940.14  7117.66  3929.03  57823.0    600.0  7117.66  4063.77  1.00000
6341000.  2934.31  7097.46  3917.88  57823.0    600.0  7097.46  4052.23  1.00000
6343000.  2929.82  7081.86  3909.28  57823.0    600.0  7081.86  4043.33  1.00000
6345000.  2926.66  7070.88  3903.21  57823.0    600.0  7070.88  4037.06  1.00000
6347000.  2924.83  7064.50  3899.69  57823.0    600.0  7064.50  4033.42  1.00000
6349000.  2924.32  7062.72  3898.71  57823.0    600.0  7062.72  4032.40  1.00000
6351000.  2925.14  7065.56  3900.28  57823.0    600.0  7065.56  4034.02  1.00000
6353000.  2927.27  7073.00  3904.39  57823.0    600.0  7073.00  4038.27  1.00000
6355000.  2930.74  7085.05  3911.04  57823.0    600.0  7085.05  4045.15  1.00000
6357000.  2935.54  7101.71  3920.23  57823.0    600.0  7101.71  4054.66  1.00000
6359000.  2941.68  7122.98  3931.97  57823.0    600.0  7122.98  4066.80  1.00000
6361000.  2949.17  7148.85  3946.25  57823.0    600.0  7148.85  4081.57  1.00000
6363000.  2958.03  7179.33  3963.08  57823.0    600.0  7179.33  4098.98  1.00000
6365000.  2968.26  7214.41  3982.45  57823.0    600.0  7214.41  4119.01  1.00000
6367000.  2979.89  7254.11  4004.36  57823.0    600.0  7254.11  4141.67  1.00000
6369000.  2992.91  7298.41  4028.81  57823.0    999.0  7298.41  4166.97  1.00000
6371000.  3007.34  7347.32  4055.81  57823.0    999.0  7347.32  4194.89  1.00000
