PREM_cardfile
  1   1.0000   1
  544   171   293
      0. 13088.50 11262.20  3667.80   1327.7     84.6 11262.20  3667.80  1.00000
    602. 13088.50 11262.20  3667.80   1327.7     84.6 11262.20  3667.80  1.00000
   7937. 13088.49 11262.19  3667.79   1327.7     84.6 11262.19  3667.79  1.00000
  15273. 13088.45 11262.16  3667.77   1327.7     84.6 11262.16  3667.77  1.00000
  22608. 13088.39 11262.12  3667.74   1327.7     84.6 11262.12  3667.74  1.00000
  29944. 13088.30 11262.06  3667.70   1327.7     84.6 11262.06  3667.70  1.00000
  37279. 13088.20 11261.98  3667.65   1327.7     84.6 11261.98  3667.65  1.00000
  44614. 13088.07 11261.89  3667.58   1327.7     84.6 11261.89  3667.58  1.00000
  51949. 13087.91 11261.78  3667.50   1327.7     84.6 11261.78  3667.50  1.00000
  59284. 13087.73 11261.65  3667.41   1327.7     84.6 11261.65  3667.41  1.00000
  66619. 13087.53 11261.50  3667.31   1327.7     84.6 11261.50  3667.31  1.00000
  73953. 13087.31 11261.34  3667.20   1327.7     84.6 11261.34  3667.20  1.00000
  81287. 13087.06 11261.16  3667.08   1327.7     84.6 11261.16  3667.08  1.00000
  88621. 13086.79 11260.97  3666.94   1327.7     84.6 11260.97  3666.94  1.00000
  95955. 13086.50 11260.76  3666.79   1327.7     84.6 11260.76  3666.79  1.00000
 103288. 13086.18 11260.53  3666.63   1327.7     84.6 11260.53  3666.63  1.00000
 110621. 13085.84 11260.28  3666.46   1327.7     84.6 11260.28  3666.46  1.00000
 117953. 13085.47 11260.02  3666.28   1327.7     84.6 11260.02  3666.28  1.00000
 125285. 13085.08 11259.74  3666.08   1327.7     84.6 11259.74  3666.08  1.00000
 132617. 13084.67 11259.44  3665.87   1327.7     84.6 11259.44  3665.87  1.00000
 139949. 13084.24 11259.13  3665.65   1327.7     84.6 11259.13  3665.65  1.00000
 147279. 13083.78 11258.80  3665.42   1327.7     84.6 11258.80  3665.42  1.00000
 154610. 13083.30 11258.45  3665.18   1327.7     84.6 11258.45  3665.18  1.00000
 161940. 13082.79 11258.09  3664.93   1327.7     84.6 11258.09  3664.93  1.00000
 169269. 13082.26 11257.71  3664.66   1327.7     84.6 11257.71  3664.66  1.00000
 176598. 13081.71 11257.31  3664.38   1327.7     84.6 11257.31  3664.38  1.00000
 183926. 13081.13 11256.90  3664.09   1327.7     84.6 11256.90  3664.09  1.00000
 191253. 13080.54 11256.46  3663.79   1327.7     84.6 11256.46  3663.79  1.00000
 198580. 13079.91 11256.02  3663.48   1327.7     84.6 11256.02  3663.48  1.00000
 205907. 13079.27 11255.55  3663.15   1327.7     84.6 11255.55  3663.15  1.00000
 213232. 13078.60 11255.07  3662.82   1327.7     84.6 11255.07  3662.82  1.00000
 220557. 13077.91 11254.57  3662.47   1327.7     84.6 11254.57  3662.47  1.00000
 227882. 13077.19 11254.06  3662.11   1327.7     84.6 11254.06  3662.11  1.00000
 235205. 13076.45 11253.53  3661.74   1327.7     84.6 11253.53  3661.74  1.00000
 242528. 13075.69 11252.98  3661.35   1327.7     84.6 11252.98  3661.35  1.00000
 249850. 13074.91 11252.41  3660.96   1327.7     84.6 11252.41  3660.96  1.00000
 257171. 13074.10 11251.83  3660.55   1327.7     84.6 11251.83  3660.55  1.00000
 264491. 13073.27 11251.23  3660.13   1327.7     84.6 11251.23  3660.13  1.00000
 271810. 13072.41 11250.62  3659.70   1327.7     84.6 11250.62  3659.70  1.00000
 279129. 13071.54 11249.98  3659.26   1327.7     84.6 11249.98  3659.26  1.00000
 286447. 13070.63 11249.34  3658.81   1327.7     84.6 11249.34  3658.81  1.00000
 293763. 13069.71 11248.67  3658.34   1327.7     84.6 11248.67  3658.34  1.00000
 301079. 13068.76 11247.99  3657.87   1327.7     84.6 11247.99  3657.87  1.00000
 308394. 13067.79 11247.29  3657.38   1327.7     84.6 11247.29  3657.38  1.00000
 315707. 13066.80 11246.57  3656.88   1327.7     84.6 11246.57  3656.88  1.00000
 323020. 13065.78 11245.84  3656.37   1327.7     84.6 11245.84  3656.37  1.00000
 330332. 13064.74 11245.09  3655.84   1327.7     84.6 11245.09  3655.84  1.00000
 337643. 13063.68 11244.33  3655.31   1327.7     84.6 11244.33  3655.31  1.00000
 344952. 13062.59 11243.54  3654.76   1327.7     84.6 11243.54  3654.76  1.00000
 352260. 13061.48 11242.74  3654.20   1327.7     84.6 11242.74  3654.20  1.00000
 359568. 13060.35 11241.93  3653.63   1327.7     84.6 11241.93  3653.63  1.00000
 366874. 13059.19 11241.10  3653.05   1327.7     84.6 11241.10  3653.05  1.00000
 374179. 13058.01 11240.25  3652.46   1327.7     84.6 11240.25  3652.46  1.00000
 381482. 13056.81 11239.38  3651.85   1327.7     84.6 11239.38  3651.85  1.00000
 388785. 13055.59 11238.50  3651.24   1327.7     84.6 11238.50  3651.24  1.00000
 396086. 13054.34 11237.60  3650.61   1327.7     84.6 11237.60  3650.61  1.00000
 403386. 13053.07 11236.69  3649.97   1327.7     84.6 11236.69  3649.97  1.00000
 410685. 13051.78 11235.76  3649.32   1327.7     84.6 11235.76  3649.32  1.00000
 417982. 13050.46 11234.81  3648.66   1327.7     84.6 11234.81  3648.66  1.00000
 425278. 13049.12 11233.84  3647.98   1327.7     84.6 11233.84  3647.98  1.00000
 432573. 13047.76 11232.86  3647.30   1327.7     84.6 11232.86  3647.30  1.00000
 439866. 13046.37 11231.86  3646.60   1327.7     84.6 11231.86  3646.60  1.00000
 447158. 13044.96 11230.85  3645.89   1327.7     84.6 11230.85  3645.89  1.00000
 454448. 13043.53 11229.82  3645.17   1327.7     84.6 11229.82  3645.17  1.00000
 461737. 13042.08 11228.77  3644.44   1327.7     84.6 11228.77  3644.44  1.00000
 469024. 13040.60 11227.71  3643.70   1327.7     84.6 11227.71  3643.70  1.00000
 476310. 13039.10 11226.63  3642.94   1327.7     84.6 11226.63  3642.94  1.00000
 483594. 13037.58 11225.53  3642.18   1327.7     84.6 11225.53  3642.18  1.00000
 490877. 13036.03 11224.42  3641.40   1327.7     84.6 11224.42  3641.40  1.00000
 498158. 13034.46 11223.29  3640.61   1327.7     84.6 11223.29  3640.61  1.00000
 505438. 13032.87 11222.15  3639.81   1327.7     84.6 11222.15  3639.81  1.00000
 512716. 13031.26 11220.98  3639.00   1327.7     84.6 11220.98  3639.00  1.00000
 519992. 13029.62 11219.81  3638.17   1327.7     84.6 11219.81  3638.17  1.00000
 527267. 13027.97 11218.61  3637.34   1327.7     84.6 11218.61  3637.34  1.00000
 534540. 13026.28 11217.40  3636.49   1327.7     84.6 11217.40  3636.49  1.00000
 541811. 13024.58 11216.17  3635.63   1327.7     84.6 11216.17  3635.63  1.00000
 549081. 13022.85 11214.93  3634.77   1327.7     84.6 11214.93  3634.77  1.00000
 556349. 13021.10 11213.67  3633.88   1327.7     84.6 11213.67  3633.88  1.00000
 563615. 13019.33 11212.39  3632.99   1327.7     84.6 11212.39  3632.99  1.00000
 570879. 13017.54 11211.10  3632.09   1327.7     84.6 11211.10  3632.09  1.00000
 578141. 13015.72 11209.79  3631.18   1327.7     84.6 11209.79  3631.18  1.00000
 585402. 13013.88 11208.47  3630.25   1327.7     84.6 11208.47  3630.25  1.00000
 592660. 13012.02 11207.13  3629.31   1327.7     84.6 11207.13  3629.31  1.00000
 599917. 13010.13 11205.77  3628.36   1327.7     84.6 11205.77  3628.36  1.00000
 607172. 13008.23 11204.40  3627.41   1327.7     84.6 11204.40  3627.41  1.00000
 614425. 13006.30 11203.01  3626.43   1327.7     84.6 11203.01  3626.43  1.00000
 621676. 13004.35 11201.60  3625.45   1327.7     84.6 11201.60  3625.45  1.00000
 628924. 13002.37 11200.18  3624.46   1327.7     84.6 11200.18  3624.46  1.00000
 636171. 13000.38 11198.75  3623.45   1327.7     84.6 11198.75  3623.45  1.00000
 643416. 12998.36 11197.29  3622.44   1327.7     84.6 11197.29  3622.44  1.00000
 650659. 12996.32 11195.82  3621.41   1327.7     84.6 11195.82  3621.41  1.00000
 657900. 12994.25 11194.34  3620.37   1327.7     84.6 11194.34  3620.37  1.00000
 665139. 12992.17 11192.84  3619.32   1327.7     84.6 11192.84  3619.32  1.00000
 672375. 12990.06 11191.32  3618.26   1327.7     84.6 11191.32  3618.26  1.00000
 679609. 12987.93 11189.78  3617.19   1327.7     84.6 11189.78  3617.19  1.00000
 686842. 12985.78 11188.23  3616.11   1327.7     84.6 11188.23  3616.11  1.00000
 694072. 12983.61 11186.67  3615.02   1327.7     84.6 11186.67  3615.02  1.00000
 701299. 12981.41 11185.09  3613.91   1327.7     84.6 11185.09  3613.91  1.00000
 708525. 12979.19 11183.49  3612.79   1327.7     84.6 11183.49  3612.79  1.00000
 715748. 12976.95 11181.88  3611.67   1327.7     84.6 11181.88  3611.67  1.00000
 722969. 12974.69 11180.25  3610.53   1327.7     84.6 11180.25  3610.53  1.00000
 730188. 12972.41 11178.60  3609.38   1327.7     84.6 11178.60  3609.38  1.00000
 737405. 12970.10 11176.94  3608.22   1327.7     84.6 11176.94  3608.22  1.00000
 744619. 12967.77 11175.27  3607.05   1327.7     84.6 11175.27  3607.05  1.00000
 751830. 12965.42 11173.58  3605.86   1327.7     84.6 11173.58  3605.86  1.00000
 759040. 12963.05 11171.87  3604.67   1327.7     84.6 11171.87  3604.67  1.00000
 766247. 12960.66 11170.14  3603.47   1327.7     84.6 11170.14  3603.47  1.00000
 773451. 12958.24 11168.40  3602.25   1327.7     84.6 11168.40  3602.25  1.00000
 780653. 12955.80 11166.65  3601.02   1327.7     84.6 11166.65  3601.02  1.00000
 787853. 12953.34 11164.88  3599.79   1327.7     84.6 11164.88  3599.79  1.00000
 795050. 12950.86 11163.09  3598.54   1327.7     84.6 11163.09  3598.54  1.00000
 802245. 12948.36 11161.29  3597.28   1327.7     84.6 11161.29  3597.28  1.00000
 809437. 12945.84 11159.47  3596.01   1327.7     84.6 11159.47  3596.01  1.00000
 816626. 12943.29 11157.64  3594.73   1327.7     84.6 11157.64  3594.73  1.00000
 823813. 12940.73 11155.79  3593.44   1327.7     84.6 11155.79  3593.44  1.00000
 830997. 12938.14 11153.93  3592.13   1327.7     84.6 11153.93  3592.13  1.00000
 838179. 12935.53 11152.05  3590.82   1327.7     84.6 11152.05  3590.82  1.00000
 845358. 12932.89 11150.15  3589.50   1327.7     84.6 11150.15  3589.50  1.00000
 852534. 12930.24 11148.24  3588.16   1327.7     84.6 11148.24  3588.16  1.00000
 859708. 12927.57 11146.32  3586.82   1327.7     84.6 11146.32  3586.82  1.00000
 866879. 12924.87 11144.38  3585.46   1327.7     84.6 11144.38  3585.46  1.00000
 874047. 12922.15 11142.42  3584.09   1327.7     84.6 11142.42  3584.09  1.00000
 881212. 12919.42 11140.45  3582.71   1327.7     84.6 11140.45  3582.71  1.00000
 888375. 12916.66 11138.46  3581.32   1327.7     84.6 11138.46  3581.32  1.00000
 895535. 12913.87 11136.46  3579.92   1327.7     84.6 11136.46  3579.92  1.00000
 902692. 12911.07 11134.44  3578.51   1327.7     84.6 11134.44  3578.51  1.00000
 909846. 12908.25 11132.41  3577.09   1327.7     84.6 11132.41  3577.09  1.00000
 916997. 12905.40 11130.36  3575.66   1327.7     84.6 11130.36  3575.66  1.00000
 924146. 12902.54 11128.30  3574.22   1327.7     84.6 11128.30  3574.22  1.00000
 931291. 12899.65 11126.22  3572.77   1327.7     84.6 11126.22  3572.77  1.00000
 938434. 12896.74 11124.12  3571.30   1327.7     84.6 11124.12  3571.30  1.00000
 945574. 12893.81 11122.01  3569.83   1327.7     84.6 11122.01  3569.83  1.00000
 952710. 12890.86 11119.89  3568.35   1327.7     84.6 11119.89  3568.35  1.00000
 959844. 12887.89 11117.75  3566.85   1327.7     84.6 11117.75  3566.85  1.00000
 966975. 12884.90 11115.60  3565.35   1327.7     84.6 11115.60  3565.35  1.00000
 974102. 12881.89 11113.43  3563.83   1327.7     84.6 11113.43  3563.83  1.00000
 981227. 12878.86 11111.24  3562.30   1327.7     84.6 11111.24  3562.30  1.00000
 988348. 12875.80 11109.04  3560.77   1327.7     84.6 11109.04  3560.77  1.00000
 995467. 12872.73 11106.83  3559.22   1327.7     84.6 11106.83  3559.22  1.00000
1002582. 12869.63 11104.60  3557.66   1327.7     84.6 11104.60  3557.66  1.00000
1009694. 12866.52 11102.36  3556.09   1327.7     84.6 11102.36  3556.09  1.00000
1016803. 12863.38 11100.10  3554.51   1327.7     84.6 11100.10  3554.51  1.00000
1023909. 12860.22 11097.82  3552.93   1327.7     84.6 11097.82  3552.93  1.00000
1031012. 12857.04 11095.54  3551.33   1327.7     84.6 11095.54  3551.33  1.00000
1038111. 12853.84 11093.23  3549.72   1327.7     84.6 11093.23  3549.72  1.00000
1045208. 12850.63 11090.91  3548.10   1327.7     84.6 11090.91  3548.10  1.00000
1052300. 12847.39 11088.58  3546.47   1327.7     84.6 11088.58  3546.47  1.00000
1059390. 12844.13 11086.23  3544.83   1327.7     84.6 11086.23  3544.83  1.00000
1066476. 12840.85 11083.87  3543.18   1327.7     84.6 11083.87  3543.18  1.00000
1073559. 12837.54 11081.50  3541.51   1327.7     84.6 11081.50  3541.51  1.00000
1080639. 12834.22 11079.11  3539.84   1327.7     84.6 11079.11  3539.84  1.00000
1087715. 12830.88 11076.70  3538.16   1327.7     84.6 11076.70  3538.16  1.00000
1094788. 12827.52 11074.28  3536.47   1327.7     84.6 11074.28  3536.47  1.00000
1101858. 12824.14 11071.84  3534.77   1327.7     84.6 11071.84  3534.77  1.00000
1108924. 12820.74 11069.39  3533.06   1327.7     84.6 11069.39  3533.06  1.00000
1115987. 12817.32 11066.93  3531.34   1327.7     84.6 11066.93  3531.34  1.00000
1123046. 12813.88 11064.45  3529.60   1327.7     84.6 11064.45  3529.60  1.00000
1130102. 12810.41 11061.96  3527.86   1327.7     84.6 11061.96  3527.86  1.00000
1137154. 12806.93 11059.45  3526.11   1327.7     84.6 11059.45  3526.11  1.00000
1144203. 12803.43 11056.93  3524.35   1327.7     84.6 11056.93  3524.35  1.00000
1151248. 12799.91 11054.40  3522.58   1327.7     84.6 11054.40  3522.58  1.00000
1158289. 12796.37 11051.85  3520.79   1327.7     84.6 11051.85  3520.79  1.00000
1165327. 12792.81 11049.28  3519.00   1327.7     84.6 11049.28  3519.00  1.00000
1172362. 12789.23 11046.70  3517.20   1327.7     84.6 11046.70  3517.20  1.00000
1179393. 12785.63 11044.11  3515.39   1327.7     84.6 11044.11  3515.39  1.00000
1186420. 12782.01 11041.51  3513.57   1327.7     84.6 11041.51  3513.57  1.00000
1193443. 12778.37 11038.88  3511.74   1327.7     84.6 11038.88  3511.74  1.00000
1200463. 12774.71 11036.25  3509.89   1327.7     84.6 11036.25  3509.89  1.00000
1207479. 12771.03 11033.60  3508.04   1327.7     84.6 11033.60  3508.04  1.00000
1214491. 12767.33 11030.94  3506.18   1327.7     84.6 11030.94  3506.18  1.00000
1221500. 12763.61 11028.26  3504.31   1327.7     84.6 11028.26  3504.31  1.00000
1221500. 12165.96 10355.72     0.00  57823.0      0.0 10355.72     0.00  1.00000
1232700. 12160.19 10349.22     0.00  57823.0      0.0 10349.22     0.00  1.00000
1253374. 12149.41 10337.17     0.00  57823.0      0.0 10337.17     0.00  1.00000
1274024. 12138.50 10325.07     0.00  57823.0      0.0 10325.07     0.00  1.00000
1294650. 12127.46 10312.91     0.00  57823.0      0.0 10312.91     0.00  1.00000
1315251. 12116.29 10300.70     0.00  57823.0      0.0 10300.70     0.00  1.00000
1335828. 12104.98 10288.42     0.00  57823.0      0.0 10288.42     0.00  1.00000
1356380. 12093.53 10276.09     0.00  57823.0      0.0 10276.09     0.00  1.00000
1376908. 12081.95 10263.68     0.00  57823.0      0.0 10263.68     0.00  1.00000
1397410. 12070.24 10251.21     0.00  57823.0      0.0 10251.21     0.00  1.00000
1417887. 12058.39 10238.67     0.00  57823.0      0.0 10238.67     0.00  1.00000
1438339. 12046.40 10226.06     0.00  57823.0      0.0 10226.06     0.00  1.00000
1458766. 12034.27 10213.37     0.00  57823.0      0.0 10213.37     0.00  1.00000
1479167. 12022.01 10200.60     0.00  57823.0      0.0 10200.60     0.00  1.00000
1499543. 12009.61 10187.76     0.00  57823.0      0.0 10187.76     0.00  1.00000
1519893. 11997.07 10174.83     0.00  57823.0      0.0 10174.83     0.00  1.00000
1540216. 11984.39 10161.82     0.00  57823.0      0.0 10161.82     0.00  1.00000
1560514. 11971.57 10148.73     0.00  57823.0      0.0 10148.73     0.00  1.00000
1580785. 11958.61 10135.54     0.00  57823.0      0.0 10135.54     0.00  1.00000
1601029. 11945.51 10122.27     0.00  57823.0      0.0 10122.27     0.00  1.00000
1621247. 11932.27 10108.91     0.00  57823.0      0.0 10108.91     0.00  1.00000
1641438. 11918.89 10095.45     0.00  57823.0      0.0 10095.45     0.00  1.00000
1661602. 11905.37 10081.89     0.00  57823.0      0.0 10081.89     0.00  1.00000
1681738. 11891.71 10068.24     0.00  57823.0      0.0 10068.24     0.00  1.00000
1701847. 11877.91 10054.49     0.00  57823.0      0.0 10054.49     0.00  1.00000
1721929. 11863.96 10040.63     0.00  57823.0      0.0 10040.63     0.00  1.00000
1741982. 11849.88 10026.68     0.00  57823.0      0.0 10026.68     0.00  1.00000
1762007. 11835.65 10012.61     0.00  57823.0      0.0 10012.61     0.00  1.00000
1782004. 11821.28  9998.44     0.00  57823.0      0.0  9998.44     0.00  1.00000
1801972. 11806.76  9984.16     0.00  57823.0      0.0  9984.16     0.00  1.00000
1821912. 11792.11  9969.77     0.00  57823.0      0.0  9969.77     0.00  1.00000
1841822. 11777.31  9955.27     0.00  57823.0      0.0  9955.27     0.00  1.00000
1861704. 11762.37  9940.65     0.00  57823.0      0.0  9940.65     0.00  1.00000
1881556. 11747.28  9925.91     0.00  57823.0      0.0  9925.91     0.00  1.00000
1901378. 11732.05  9911.06     0.00  57823.0      0.0  9911.06     0.00  1.00000
1921170. 11716.68  9896.09     0.00  57823.0      0.0  9896.09     0.00  1.00000
1940932. 11701.17  9880.99     0.00  57823.0      0.0  9880.99     0.00  1.00000
1960663. 11685.51  9865.78     0.00  57823.0      0.0  9865.78     0.00  1.00000
1980364. 11669.71  9850.44     0.00  57823.0      0.0  9850.44     0.00  1.00000
2000034. 11653.76  9834.97     0.00  57823.0      0.0  9834.97     0.00  1.00000
2019673. 11637.68  9819.38     0.00  57823.0      0.0  9819.38     0.00  1.00000
2039280. 11621.45  9803.65     0.00  57823.0      0.0  9803.65     0.00  1.00000
2058856. 11605.07  9787.80     0.00  57823.0      0.0  9787.80     0.00  1.00000
2078399. 11588.56  9771.82     0.00  57823.0      0.0  9771.82     0.00  1.00000
2097911. 11571.90  9755.70     0.00  57823.0      0.0  9755.70     0.00  1.00000
2117390. 11555.10  9739.45     0.00  57823.0      0.0  9739.45     0.00  1.00000
2136836. 11538.15  9723.06     0.00  57823.0      0.0  9723.06     0.00  1.00000
2156249. 11521.06  9706.54     0.00  57823.0      0.0  9706.54     0.00  1.00000
2175629. 11503.83  9689.88     0.00  57823.0      0.0  9689.88     0.00  1.00000
2194975. 11486.46  9673.08     0.00  57823.0      0.0  9673.08     0.00  1.00000
2214287. 11468.95  9656.14     0.00  57823.0      0.0  9656.14     0.00  1.00000
2233565. 11451.29  9639.06     0.00  57823.0      0.0  9639.06     0.00  1.00000
2252809. 11433.50  9621.83     0.00  57823.0      0.0  9621.83     0.00  1.00000
2272018. 11415.56  9604.46     0.00  57823.0      0.0  9604.46     0.00  1.00000
2291192. 11397.48  9586.95     0.00  57823.0      0.0  9586.95     0.00  1.00000
2310330. 11379.26  9569.29     0.00  57823.0      0.0  9569.29     0.00  1.00000
2329433. 11360.90  9551.49     0.00  57823.0      0.0  9551.49     0.00  1.00000
2348500. 11342.40  9533.54     0.00  57823.0      0.0  9533.54     0.00  1.00000
2367531. 11323.77  9515.44     0.00  57823.0      0.0  9515.44     0.00  1.00000
2386526. 11304.99  9497.19     0.00  57823.0      0.0  9497.19     0.00  1.00000
2405483. 11286.08  9478.79     0.00  57823.0      0.0  9478.79     0.00  1.00000
2424404. 11267.02  9460.24     0.00  57823.0      0.0  9460.24     0.00  1.00000
2443287. 11247.83  9441.54     0.00  57823.0      0.0  9441.54     0.00  1.00000
2462132. 11228.50  9422.68     0.00  57823.0      0.0  9422.68     0.00  1.00000
2480939. 11209.04  9403.68     0.00  57823.0      0.0  9403.68     0.00  1.00000
2499709. 11189.44  9384.52     0.00  57823.0      0.0  9384.52     0.00  1.00000
2518439. 11169.70  9365.20     0.00  57823.0      0.0  9365.20     0.00  1.00000
2537130. 11149.83  9345.74     0.00  57823.0      0.0  9345.74     0.00  1.00000
2555783. 11129.83  9326.11     0.00  57823.0      0.0  9326.11     0.00  1.00000
2574395. 11109.69  9306.33     0.00  57823.0      0.0  9306.33     0.00  1.00000
2592968. 11089.42  9286.40     0.00  57823.0      0.0  9286.40     0.00  1.00000
2611501. 11069.01  9266.31     0.00  57823.0      0.0  9266.31     0.00  1.00000
2629993. 11048.48  9246.06     0.00  57823.0      0.0  9246.06     0.00  1.00000
2648444. 11027.81  9225.66     0.00  57823.0      0.0  9225.66     0.00  1.00000
2666854. 11007.01  9205.10     0.00  57823.0      0.0  9205.10     0.00  1.00000
2685223. 10986.08  9184.38     0.00  57823.0      0.0  9184.38     0.00  1.00000
2703550. 10965.03  9163.50     0.00  57823.0      0.0  9163.50     0.00  1.00000
2721835. 10943.85  9142.47     0.00  57823.0      0.0  9142.47     0.00  1.00000
2740078. 10922.54  9121.28     0.00  57823.0      0.0  9121.28     0.00  1.00000
2758277. 10901.10  9099.93     0.00  57823.0      0.0  9099.93     0.00  1.00000
2776434. 10879.54  9078.42     0.00  57823.0      0.0  9078.42     0.00  1.00000
2794548. 10857.85  9056.75     0.00  57823.0      0.0  9056.75     0.00  1.00000
2812618. 10836.04  9034.93     0.00  57823.0      0.0  9034.93     0.00  1.00000
2830644. 10814.10  9012.94     0.00  57823.0      0.0  9012.94     0.00  1.00000
2848625. 10792.05  8990.80     0.00  57823.0      0.0  8990.80     0.00  1.00000
2866562. 10769.87  8968.50     0.00  57823.0      0.0  8968.50     0.00  1.00000
2884454. 10747.58  8946.05     0.00  57823.0      0.0  8946.05     0.00  1.00000
2902301. 10725.16  8923.43     0.00  57823.0      0.0  8923.43     0.00  1.00000
2920102. 10702.63  8900.66     0.00  57823.0      0.0  8900.66     0.00  1.00000
2937858. 10679.98  8877.73     0.00  57823.0      0.0  8877.73     0.00  1.00000
2955567. 10657.21  8854.65     0.00  57823.0      0.0  8854.65     0.00  1.00000
2973230. 10634.33  8831.41     0.00  57823.0      0.0  8831.41     0.00  1.00000
2990846. 10611.33  8808.01     0.00  57823.0      0.0  8808.01     0.00  1.00000
3008415. 10588.22  8784.46     0.00  57823.0      0.0  8784.46     0.00  1.00000
3025936. 10565.00  8760.75     0.00  57823.0      0.0  8760.75     0.00  1.00000
3043410. 10541.67  8736.89     0.00  57823.0      0.0  8736.89     0.00  1.00000
3060836. 10518.23  8712.87     0.00  57823.0      0.0  8712.87     0.00  1.00000
3078213. 10494.69  8688.70     0.00  57823.0      0.0  8688.70     0.00  1.00000
3095542. 10471.03  8664.38     0.00  57823.0      0.0  8664.38     0.00  1.00000
3112822. 10447.27  8639.91     0.00  57823.0      0.0  8639.91     0.00  1.00000
3130052. 10423.41  8615.28     0.00  57823.0      0.0  8615.28     0.00  1.00000
3147234. 10399.44  8590.51     0.00  57823.0      0.0  8590.51     0.00  1.00000
3164365. 10375.37  8565.58     0.00  57823.0      0.0  8565.58     0.00  1.00000
3181446. 10351.20  8540.51     0.00  57823.0      0.0  8540.51     0.00  1.00000
3198476. 10326.93  8515.29     0.00  57823.0      0.0  8515.29     0.00  1.00000
3215456. 10302.56  8489.92     0.00  57823.0      0.0  8489.92     0.00  1.00000
3232385. 10278.10  8464.40     0.00  57823.0      0.0  8464.40     0.00  1.00000
3249262. 10253.54  8438.74     0.00  57823.0      0.0  8438.74     0.00  1.00000
3266088. 10228.88  8412.93     0.00  57823.0      0.0  8412.93     0.00  1.00000
3282862. 10204.13  8386.98     0.00  57823.0      0.0  8386.98     0.00  1.00000
3299584. 10179.30  8360.89     0.00  57823.0      0.0  8360.89     0.00  1.00000
3316253. 10154.37  8334.65     0.00  57823.0      0.0  8334.65     0.00  1.00000
3332870. 10129.35  8308.28     0.00  57823.0      0.0  8308.28     0.00  1.00000
3349433. 10104.25  8281.77     0.00  57823.0      0.0  8281.77     0.00  1.00000
3365944. 10079.06  8255.11     0.00  57823.0      0.0  8255.11     0.00  1.00000
3382400. 10053.78  8228.32     0.00  57823.0      0.0  8228.32     0.00  1.00000
3398803. 10028.43  8201.40     0.00  57823.0      0.0  8201.40     0.00  1.00000
3415152. 10002.99  8174.34     0.00  57823.0      0.0  8174.34     0.00  1.00000
3431446.  9977.47  8147.15     0.00  57823.0      0.0  8147.15     0.00  1.00000
3447686.  9951.88  8119.83     0.00  57823.0      0.0  8119.83     0.00  1.00000
3463870.  9926.20  8092.37     0.00  57823.0      0.0  8092.37     0.00  1.00000
3480000.  9900.45  8064.79     0.00  57823.0      0.0  8064.79     0.00  1.00000
3480000.  5566.46 13716.62  7264.65  57823.0    312.0 13716.62  7264.65  1.00000
3484691.  5564.10 13715.47  7264.70  57823.0    312.0 13715.47  7264.70  1.00000
3499221.  5556.82 13711.91  7264.85  57823.0    312.0 13711.91  7264.85  1.00000
3513751.  5549.55 13708.36  7264.99  57823.0    312.0 13708.36  7264.99  1.00000
3528281.  5542.28 13704.82  7265.13  57823.0    312.0 13704.82  7265.13  1.00000
3542812.  5535.01 13701.30  7265.26  57823.0    312.0 13701.30  7265.26  1.00000
3557343.  5527.74 13697.79  7265.39  57823.0    312.0 13697.79  7265.39  1.00000
3571874.  5520.48 13694.30  7265.52  57823.0    312.0 13694.30  7265.52  1.00000
3586405.  5513.23 13690.82  7265.64  57823.0    312.0 13690.82  7265.64  1.00000
3600936.  5505.97 13687.35  7265.75  57823.0    312.0 13687.35  7265.75  1.00000
3615468.  5498.72 13683.89  7265.86  57823.0    312.0 13683.89  7265.86  1.00000
3630000.  5491.48 13680.44  7265.97  57823.0    312.0 13680.44  7265.97  1.00000
3630000.  5491.48 13680.42  7265.93  57823.0    312.0 13680.42  7265.93  1.00000
3633974.  5489.49 13675.59  7264.10  57823.0    312.0 13675.59  7264.10  1.00000
3648489.  5482.26 13657.99  7257.45  57823.0    312.0 13657.99  7257.45  1.00000
3662991.  5475.03 13640.46  7250.83  57823.0    312.0 13640.46  7250.83  1.00000
3677479.  5467.82 13623.01  7244.22  57823.0    312.0 13623.01  7244.22  1.00000
3691955.  5460.61 13605.63  7237.63  57823.0    312.0 13605.63  7237.63  1.00000
3706417.  5453.41 13588.31  7231.07  57823.0    312.0 13588.31  7231.07  1.00000
3720866.  5446.21 13571.06  7224.52  57823.0    312.0 13571.06  7224.52  1.00000
3735302.  5439.03 13553.88  7217.99  57823.0    312.0 13553.88  7217.99  1.00000
3749725.  5431.85 13536.76  7211.48  57823.0    312.0 13536.76  7211.48  1.00000
3764135.  5424.68 13519.70  7204.99  57823.0    312.0 13519.70  7204.99  1.00000
3778532.  5417.52 13502.70  7198.51  57823.0    312.0 13502.70  7198.51  1.00000
3792916.  5410.36 13485.76  7192.05  57823.0    312.0 13485.76  7192.05  1.00000
3807287.  5403.21 13468.87  7185.60  57823.0    312.0 13468.87  7185.60  1.00000
3821645.  5396.07 13452.04  7179.16  57823.0    312.0 13452.04  7179.16  1.00000
3835991.  5388.94 13435.26  7172.74  57823.0    312.0 13435.26  7172.74  1.00000
3850324.  5381.80 13418.52  7166.34  57823.0    312.0 13418.52  7166.34  1.00000
3864644.  5374.68 13401.83  7159.94  57823.0    312.0 13401.83  7159.94  1.00000
3878951.  5367.56 13385.19  7153.56  57823.0    312.0 13385.19  7153.56  1.00000
3893245.  5360.45 13368.59  7147.18  57823.0    312.0 13368.59  7147.18  1.00000
3907527.  5353.34 13352.03  7140.82  57823.0    312.0 13352.03  7140.82  1.00000
3921796.  5346.24 13335.51  7134.47  57823.0    312.0 13335.51  7134.47  1.00000
3936052.  5339.14 13319.03  7128.12  57823.0    312.0 13319.03  7128.12  1.00000
3950295.  5332.04 13302.59  7121.79  57823.0    312.0 13302.59  7121.79  1.00000
3964526.  5324.95 13286.18  7115.46  57823.0    312.0 13286.18  7115.46  1.00000
3978745.  5317.87 13269.80  7109.14  57823.0    312.0 13269.80  7109.14  1.00000
3992950.  5310.78 13253.45  7102.82  57823.0    312.0 13253.45  7102.82  1.00000
4007143.  5303.71 13237.13  7096.51  57823.0    312.0 13237.13  7096.51  1.00000
4021324.  5296.63 13220.83  7090.21  57823.0    312.0 13220.83  7090.21  1.00000
4035492.  5289.56 13204.56  7083.91  57823.0    312.0 13204.56  7083.91  1.00000
4049647.  5282.49 13188.31  7077.62  57823.0    312.0 13188.31  7077.62  1.00000
4063789.  5275.42 13172.09  7071.32  57823.0    312.0 13172.09  7071.32  1.00000
4077919.  5268.36 13155.88  7065.03  57823.0    312.0 13155.88  7065.03  1.00000
4092037.  5261.30 13139.69  7058.75  57823.0    312.0 13139.69  7058.75  1.00000
4106142.  5254.24 13123.52  7052.46  57823.0    312.0 13123.52  7052.46  1.00000
4120234.  5247.19 13107.36  7046.17  57823.0    312.0 13107.36  7046.17  1.00000
4134314.  5240.13 13091.22  7039.89  57823.0    312.0 13091.22  7039.89  1.00000
4148381.  5233.08 13075.08  7033.60  57823.0    312.0 13075.08  7033.60  1.00000
4162436.  5226.03 13058.95  7027.32  57823.0    312.0 13058.95  7027.32  1.00000
4176478.  5218.98 13042.83  7021.03  57823.0    312.0 13042.83  7021.03  1.00000
4190507.  5211.93 13026.72  7014.74  57823.0    312.0 13026.72  7014.74  1.00000
4204524.  5204.88 13010.61  7008.45  57823.0    312.0 13010.61  7008.45  1.00000
4218529.  5197.83 12994.50  7002.15  57823.0    312.0 12994.50  7002.15  1.00000
4232520.  5190.79 12978.40  6995.85  57823.0    312.0 12978.40  6995.85  1.00000
4246499.  5183.74 12962.29  6989.55  57823.0    312.0 12962.29  6989.55  1.00000
4260466.  5176.70 12946.18  6983.24  57823.0    312.0 12946.18  6983.24  1.00000
4274420.  5169.65 12930.06  6976.93  57823.0    312.0 12930.06  6976.93  1.00000
4288361.  5162.61 12913.94  6970.61  57823.0    312.0 12913.94  6970.61  1.00000
4302290.  5155.56 12897.81  6964.28  57823.0    312.0 12897.81  6964.28  1.00000
4316205.  5148.51 12881.67  6957.95  57823.0    312.0 12881.67  6957.95  1.00000
4330109.  5141.47 12865.53  6951.61  57823.0    312.0 12865.53  6951.61  1.00000
4343999.  5134.42 12849.37  6945.26  57823.0    312.0 12849.37  6945.26  1.00000
4357877.  5127.37 12833.19  6938.90  57823.0    312.0 12833.19  6938.90  1.00000
4371742.  5120.32 12817.00  6932.54  57823.0    312.0 12817.00  6932.54  1.00000
4385594.  5113.27 12800.79  6926.16  57823.0    312.0 12800.79  6926.16  1.00000
4399434.  5106.22 12784.57  6919.78  57823.0    312.0 12784.57  6919.78  1.00000
4413261.  5099.17 12768.32  6913.38  57823.0    312.0 12768.32  6913.38  1.00000
4427075.  5092.11 12752.06  6906.97  57823.0    312.0 12752.06  6906.97  1.00000
4440876.  5085.06 12735.77  6900.55  57823.0    312.0 12735.77  6900.55  1.00000
4454664.  5078.00 12719.46  6894.12  57823.0    312.0 12719.46  6894.12  1.00000
4468439.  5070.94 12703.12  6887.67  57823.0    312.0 12703.12  6887.67  1.00000
4482202.  5063.87 12686.75  6881.21  57823.0    312.0 12686.75  6881.21  1.00000
4495951.  5056.81 12670.35  6874.74  57823.0    312.0 12670.35  6874.74  1.00000
4509688.  5049.74 12653.93  6868.26  57823.0    312.0 12653.93  6868.26  1.00000
4523411.  5042.67 12637.47  6861.76  57823.0    312.0 12637.47  6861.76  1.00000
4537122.  5035.59 12620.98  6855.24  57823.0    312.0 12620.98  6855.24  1.00000
4550819.  5028.52 12604.45  6848.71  57823.0    312.0 12604.45  6848.71  1.00000
4564503.  5021.44 12587.89  6842.16  57823.0    312.0 12587.89  6842.16  1.00000
4578175.  5014.35 12571.29  6835.60  57823.0    312.0 12571.29  6835.60  1.00000
4591833.  5007.27 12554.65  6829.02  57823.0    312.0 12554.65  6829.02  1.00000
4605478.  5000.18 12537.97  6822.42  57823.0    312.0 12537.97  6822.42  1.00000
4619109.  4993.08 12521.25  6815.80  57823.0    312.0 12521.25  6815.80  1.00000
4632727.  4985.99 12504.49  6809.16  57823.0    312.0 12504.49  6809.16  1.00000
4646332.  4978.88 12487.69  6802.51  57823.0    312.0 12487.69  6802.51  1.00000
4659924.  4971.78 12470.83  6795.84  57823.0    312.0 12470.83  6795.84  1.00000
4673502.  4964.67 12453.94  6789.14  57823.0    312.0 12453.94  6789.14  1.00000
4687067.  4957.55 12436.99  6782.43  57823.0    312.0 12436.99  6782.43  1.00000
4700619.  4950.43 12419.99  6775.70  57823.0    312.0 12419.99  6775.70  1.00000
4714157.  4943.31 12402.94  6768.94  57823.0    312.0 12402.94  6768.94  1.00000
4727681.  4936.18 12385.85  6762.16  57823.0    312.0 12385.85  6762.16  1.00000
4741192.  4929.05 12368.69  6755.36  57823.0    312.0 12368.69  6755.36  1.00000
4754689.  4921.91 12351.49  6748.54  57823.0    312.0 12351.49  6748.54  1.00000
4768172.  4914.77 12334.22  6741.70  57823.0    312.0 12334.22  6741.70  1.00000
4781642.  4907.62 12316.91  6734.83  57823.0    312.0 12316.91  6734.83  1.00000
4795098.  4900.47 12299.53  6727.94  57823.0    312.0 12299.53  6727.94  1.00000
4808540.  4893.31 12282.09  6721.03  57823.0    312.0 12282.09  6721.03  1.00000
4821968.  4886.15 12264.59  6714.09  57823.0    312.0 12264.59  6714.09  1.00000
4835382.  4878.98 12247.03  6707.12  57823.0    312.0 12247.03  6707.12  1.00000
4848782.  4871.80 12229.41  6700.13  57823.0    312.0 12229.41  6700.13  1.00000
4862169.  4864.62 12211.73  6693.12  57823.0    312.0 12211.73  6693.12  1.00000
4875541.  4857.43 12193.97  6686.08  57823.0    312.0 12193.97  6686.08  1.00000
4888899.  4850.24 12176.16  6679.01  57823.0    312.0 12176.16  6679.01  1.00000
4902243.  4843.04 12158.27  6671.92  57823.0    312.0 12158.27  6671.92  1.00000
4915572.  4835.84 12140.32  6664.80  57823.0    312.0 12140.32  6664.80  1.00000
4928888.  4828.63 12122.29  6657.65  57823.0    312.0 12122.29  6657.65  1.00000
4942188.  4821.41 12104.20  6650.47  57823.0    312.0 12104.20  6650.47  1.00000
4955475.  4814.18 12086.03  6643.27  57823.0    312.0 12086.03  6643.27  1.00000
4968747.  4806.95 12067.79  6636.03  57823.0    312.0 12067.79  6636.03  1.00000
4982005.  4799.72 12049.48  6628.77  57823.0    312.0 12049.48  6628.77  1.00000
4995248.  4792.47 12031.09  6621.48  57823.0    312.0 12031.09  6621.48  1.00000
5008476.  4785.22 12012.62  6614.16  57823.0    312.0 12012.62  6614.16  1.00000
5021690.  4777.96 11994.08  6606.81  57823.0    312.0 11994.08  6606.81  1.00000
5034888.  4770.70 11975.46  6599.43  57823.0    312.0 11975.46  6599.43  1.00000
5048072.  4763.43 11956.76  6592.02  57823.0    312.0 11956.76  6592.02  1.00000
5061242.  4756.15 11937.98  6584.57  57823.0    312.0 11937.98  6584.57  1.00000
5074396.  4748.86 11919.12  6577.10  57823.0    312.0 11919.12  6577.10  1.00000
5087535.  4741.57 11900.18  6569.59  57823.0    312.0 11900.18  6569.59  1.00000
5100659.  4734.27 11881.15  6562.06  57823.0    312.0 11881.15  6562.06  1.00000
5113768.  4726.96 11862.04  6554.49  57823.0    312.0 11862.04  6554.49  1.00000
5126862.  4719.64 11842.84  6546.89  57823.0    312.0 11842.84  6546.89  1.00000
5139940.  4712.32 11823.56  6539.25  57823.0    312.0 11823.56  6539.25  1.00000
5153003.  4704.99 11804.20  6531.58  57823.0    312.0 11804.20  6531.58  1.00000
5166051.  4697.65 11784.74  6523.88  57823.0    312.0 11784.74  6523.88  1.00000
5179084.  4690.30 11765.20  6516.15  57823.0    312.0 11765.20  6516.15  1.00000
5192100.  4682.95 11745.56  6508.38  57823.0    312.0 11745.56  6508.38  1.00000
5205101.  4675.58 11725.84  6500.57  57823.0    312.0 11725.84  6500.57  1.00000
5218087.  4668.21 11706.03  6492.74  57823.0    312.0 11706.03  6492.74  1.00000
5231057.  4660.84 11686.12  6484.86  57823.0    312.0 11686.12  6484.86  1.00000
5244011.  4653.45 11666.12  6476.96  57823.0    312.0 11666.12  6476.96  1.00000
5256949.  4646.06 11646.03  6469.01  57823.0    312.0 11646.03  6469.01  1.00000
5269871.  4638.65 11625.84  6461.04  57823.0    312.0 11625.84  6461.04  1.00000
5282777.  4631.24 11605.56  6453.02  57823.0    312.0 11605.56  6453.02  1.00000
5295667.  4623.82 11585.18  6444.97  57823.0    312.0 11585.18  6444.97  1.00000
5308540.  4616.40 11564.71  6436.89  57823.0    312.0 11564.71  6436.89  1.00000
5321398.  4608.96 11544.13  6428.76  57823.0    312.0 11544.13  6428.76  1.00000
5334239.  4601.52 11523.46  6420.60  57823.0    312.0 11523.46  6420.60  1.00000
5347064.  4594.06 11502.69  6412.41  57823.0    312.0 11502.69  6412.41  1.00000
5359872.  4586.60 11481.83  6404.17  57823.0    312.0 11481.83  6404.17  1.00000
5372664.  4579.13 11460.86  6395.90  57823.0    312.0 11460.86  6395.90  1.00000
5385439.  4571.66 11439.79  6387.59  57823.0    312.0 11439.79  6387.59  1.00000
5398198.  4564.17 11418.62  6379.25  57823.0    312.0 11418.62  6379.25  1.00000
5410939.  4556.68 11397.34  6370.86  57823.0    312.0 11397.34  6370.86  1.00000
5423664.  4549.17 11375.97  6362.44  57823.0    312.0 11375.97  6362.44  1.00000
5436372.  4541.66 11354.49  6353.98  57823.0    312.0 11354.49  6353.98  1.00000
5449063.  4534.14 11332.91  6345.47  57823.0    312.0 11332.91  6345.47  1.00000
5461737.  4526.61 11311.22  6336.94  57823.0    312.0 11311.22  6336.94  1.00000
5474394.  4519.07 11289.42  6328.36  57823.0    312.0 11289.42  6328.36  1.00000
5487033.  4511.52 11267.53  6319.74  57823.0    312.0 11267.53  6319.74  1.00000
5499656.  4503.97 11245.52  6311.08  57823.0    312.0 11245.52  6311.08  1.00000
5512260.  4496.40 11223.41  6302.39  57823.0    312.0 11223.41  6302.39  1.00000
5524848.  4488.83 11201.19  6293.65  57823.0    312.0 11201.19  6293.65  1.00000
5537417.  4481.25 11178.86  6284.88  57823.0    312.0 11178.86  6284.88  1.00000
5549969.  4473.66 11156.43  6276.06  57823.0    312.0 11156.43  6276.06  1.00000
5562504.  4466.06 11133.88  6267.20  57823.0    312.0 11133.88  6267.20  1.00000
5575020.  4458.45 11111.23  6258.31  57823.0    312.0 11111.23  6258.31  1.00000
5587519.  4450.83 11088.46  6249.37  57823.0    312.0 11088.46  6249.37  1.00000
5600000.  4443.20 11065.59  6240.39  57823.0    312.0 11065.59  6240.39  1.00000
5600000.  4443.20 11065.60  6240.54  57823.0    312.0 11065.60  6240.54  1.00000
5603908.  4440.81 11053.45  6229.10  57823.0    312.0 11053.45  6229.10  1.00000
5616294.  4433.22 11014.94  6192.86  57823.0    312.0 11014.94  6192.86  1.00000
5628607.  4425.65 10976.65  6156.84  57823.0    312.0 10976.65  6156.84  1.00000
5640849.  4418.10 10938.57  6121.03  57823.0    312.0 10938.57  6121.03  1.00000
5653020.  4410.58 10900.70  6085.43  57823.0    312.0 10900.70  6085.43  1.00000
5665120.  4403.09 10863.04  6050.04  57823.0    312.0 10863.04  6050.04  1.00000
5677150.  4395.61 10825.59  6014.86  57823.0    312.0 10825.59  6014.86  1.00000
5689110.  4388.17 10788.35  5979.89  57823.0    312.0 10788.35  5979.89  1.00000
5701000.  4380.74 10751.32  5945.13  57823.0    312.0 10751.32  5945.13  1.00000
5701000.  3992.12 10266.17  5570.21  57823.0    143.0 10266.17  5570.21  1.00000
5704551.  3991.29 10260.67  5567.46  57823.0    143.0 10260.67  5567.46  1.00000
5715669.  3988.71 10243.46  5558.85  57823.0    143.0 10243.46  5558.85  1.00000
5726769.  3986.12 10226.26  5550.26  57823.0    143.0 10226.26  5550.26  1.00000
5737853.  3983.54 10209.10  5541.68  57823.0    143.0 10209.10  5541.68  1.00000
5748919.  3980.96 10191.96  5533.11  57823.0    143.0 10191.96  5533.11  1.00000
5759968.  3978.39 10174.85  5524.56  57823.0    143.0 10174.85  5524.56  1.00000
5771000.  3975.82 10157.76  5516.02  57823.0    143.0 10157.76  5516.02  1.00000
5771000.  3975.82 10157.83  5515.93  57823.0    143.0 10157.83  5515.93  1.00000
5773390.  3972.81 10145.59  5508.96  57823.0    143.0 10145.59  5508.96  1.00000
5784344.  3959.00 10089.51  5477.00  57823.0    143.0 10089.51  5477.00  1.00000
5795235.  3945.28 10033.75  5445.23  57823.0    143.0 10033.75  5445.23  1.00000
5806062.  3931.63  9978.32  5413.65  57823.0    143.0  9978.32  5413.65  1.00000
5816826.  3918.06  9923.21  5382.25  57823.0    143.0  9923.21  5382.25  1.00000
5827528.  3904.57  9868.43  5351.03  57823.0    143.0  9868.43  5351.03  1.00000
5838168.  3891.16  9813.95  5319.99  57823.0    143.0  9813.95  5319.99  1.00000
5848747.  3877.83  9759.80  5289.13  57823.0    143.0  9759.80  5289.13  1.00000
5859264.  3864.58  9705.96  5258.45  57823.0    143.0  9705.96  5258.45  1.00000
5869719.  3851.40  9652.43  5227.94  57823.0    143.0  9652.43  5227.94  1.00000
5880115.  3838.30  9599.21  5197.62  57823.0    143.0  9599.21  5197.62  1.00000
5890450.  3825.27  9546.30  5167.47  57823.0    143.0  9546.30  5167.47  1.00000
5900725.  3812.32  9493.69  5137.50  57823.0    143.0  9493.69  5137.50  1.00000
5910940.  3799.44  9441.40  5107.70  57823.0    143.0  9441.40  5107.70  1.00000
5921096.  3786.64  9389.40  5078.07  57823.0    143.0  9389.40  5078.07  1.00000
5931193.  3773.92  9337.71  5048.61  57823.0    143.0  9337.71  5048.61  1.00000
5941232.  3761.27  9286.31  5019.33  57823.0    143.0  9286.31  5019.33  1.00000
5951212.  3748.69  9235.22  4990.21  57823.0    143.0  9235.22  4990.21  1.00000
5961135.  3736.18  9184.42  4961.27  57823.0    143.0  9184.42  4961.27  1.00000
5971000.  3723.75  9133.92  4932.49  57823.0    143.0  9133.92  4932.49  1.00000
5971000.  3543.26  8905.24  4769.90  57823.0    143.0  8905.24  4769.90  1.00000
5972291.  3542.49  8902.76  4769.00  57823.0    143.0  8902.76  4769.00  1.00000
5981815.  3536.81  8884.44  4762.33  57823.0    143.0  8884.44  4762.33  1.00000
5991327.  3531.13  8866.14  4755.67  57823.0    143.0  8866.14  4755.67  1.00000
6000825.  3525.45  8847.86  4749.02  57823.0    143.0  8847.86  4749.02  1.00000
6010309.  3519.79  8829.62  4742.38  57823.0    143.0  8829.62  4742.38  1.00000
6019781.  3514.13  8811.40  4735.75  57823.0    143.0  8811.40  4735.75  1.00000
6029239.  3508.49  8793.20  4729.13  57823.0    143.0  8793.20  4729.13  1.00000
6038684.  3502.85  8775.03  4722.52  57823.0    143.0  8775.03  4722.52  1.00000
6048116.  3497.21  8756.88  4715.92  57823.0    143.0  8756.88  4715.92  1.00000
6057535.  3491.59  8738.76  4709.33  57823.0    143.0  8738.76  4709.33  1.00000
6066940.  3485.97  8720.67  4702.74  57823.0    143.0  8720.67  4702.74  1.00000
6076332.  3480.36  8702.60  4696.17  57823.0    143.0  8702.60  4696.17  1.00000
6085712.  3474.76  8684.55  4689.60  57823.0    143.0  8684.55  4689.60  1.00000
6095078.  3469.17  8666.54  4683.05  57823.0    143.0  8666.54  4683.05  1.00000
6104431.  3463.58  8648.54  4676.50  57823.0    143.0  8648.54  4676.50  1.00000
6113771.  3458.01  8630.57  4669.96  57823.0    143.0  8630.57  4669.96  1.00000
6123098.  3452.44  8612.63  4663.43  57823.0    143.0  8612.63  4663.43  1.00000
6132411.  3446.88  8594.71  4656.91  57823.0    143.0  8594.71  4656.91  1.00000
6141712.  3441.32  8576.82  4650.40  57823.0    143.0  8576.82  4650.40  1.00000
6151000.  3435.77  8558.95  4643.90  57823.0    143.0  8558.95  4643.90  1.00000
6151000.  3359.49  7800.45  4441.09  57823.0     80.0  8048.56  4436.26  0.97646
6158308.  3360.28  7808.73  4439.40  57823.0     80.0  8053.86  4442.82  0.97362
6167182.  3361.25  7818.79  4437.36  57823.0     80.0  8060.29  4450.79  0.97017
6176053.  3362.21  7828.84  4435.31  57823.0     80.0  8066.72  4458.75  0.96672
6184919.  3363.18  7838.88  4433.27  57823.0     80.0  8073.14  4466.70  0.96327
6193782.  3364.14  7848.92  4431.23  57823.0     80.0  8079.57  4474.66  0.95982
6202640.  3365.10  7858.96  4429.19  57823.0     80.0  8085.99  4482.61  0.95638
6211495.  3366.06  7868.99  4427.15  57823.0     80.0  8092.40  4490.55  0.95293
6220345.  3367.03  7879.02  4425.11  57823.0     80.0  8098.82  4498.50  0.94949
6229191.  3367.99  7889.04  4423.07  57823.0     80.0  8105.23  4506.43  0.94605
6238033.  3368.95  7899.06  4421.03  57823.0     80.0  8111.64  4514.37  0.94261
6246871.  3369.91  7909.07  4419.00  57823.0     80.0  8118.04  4522.30  0.93918
6255705.  3370.87  7919.08  4416.96  57823.0     80.0  8124.44  4530.23  0.93574
6264535.  3371.83  7929.08  4414.93  57823.0     80.0  8130.84  4538.15  0.93231
6273361.  3372.79  7939.08  4412.89  57823.0     80.0  8137.24  4546.07  0.92887
6282182.  3373.75  7949.07  4410.86  57823.0     80.0  8143.63  4553.99  0.92544
6291000.  3374.71  7959.06  4408.83  57823.0     80.0  8150.02  4561.90  0.92201
6291000.  3374.71  7959.06  4408.83  57823.0    600.0  8150.02  4561.90  0.92201
6293787.  3375.01  7962.22  4408.19  57823.0    600.0  8152.04  4564.41  0.92093
6302599.  3375.97  7972.21  4406.16  57823.0    600.0  8158.43  4572.31  0.91750
6311408.  3376.92  7982.18  4404.13  57823.0    600.0  8164.81  4580.22  0.91408
6320212.  3377.88  7992.16  4402.10  57823.0    600.0  8171.19  4588.12  0.91065
6329012.  3378.84  8002.13  4400.07  57823.0    600.0  8177.57  4596.02  0.90723
6337808.  3379.79  8012.10  4398.05  57823.0    600.0  8183.95  4603.91  0.90381
6346600.  3380.75  8022.06  4396.02  57823.0    600.0  8190.32  4611.80  0.90039
6346600.  2900.00  6800.00  3900.00  57823.0    600.0  6800.00  3900.00  1.00000
6348200.  2900.00  6800.00  3900.00  57823.0    600.0  6800.00  3900.00  1.00000
6356000.  2900.00  6800.00  3900.00  57823.0    600.0  6800.00  3900.00  1.00000
6356000.  2600.00  5800.00  3200.00  57823.0    600.0  5800.00  3200.00  1.00000
6358200.  2600.00  5800.00  3200.00  57823.0    600.0  5800.00  3200.00  1.00000
6364600.  2600.00  5800.00  3200.00  57823.0    600.0  5800.00  3200.00  1.00000
6371000.  2600.00  5800.00  3200.00  57823.0    600.0  5800.00  3200.00  1.00000
